14.100176200000002
19.724703100000003
19.827174799999998
21.03363055
21.489892599999997
20.647136450000005
22.948408249999996
20.585148150000002
22.001441699999997
22.855432200000003
20.872639
19.44248175
20.5234737
20.842819950000003
22.89510235
19.840697799999997
23.248786450000004
21.87712645
22.1542677
22.779864999999997
22.008129550000003
20.879590849999996
20.547655900000002
19.92469975
20.749853950000002
20.674883949999998
18.11682345
18.658504999999998
18.17268795
19.39481845
18.639635450000007
18.29153385
18.8713011
19.5423101
18.92343455
19.054839899999997
19.6923833
19.652333000000002
18.138474800000004
18.484899300000002
19.36249885
18.979053550000003
19.815204350000002
19.273620049999998
19.8257506
21.5568084
19.627465199999996
19.39915345
20.35343315
19.284148700000003
