26.14222
458.784027
460.331146
459.014984
493.115387
28.776073
132.595917
503.981476
462.927612
130.598038
503.184631
33.7155
503.954132
42.265141
39.451942
504.07135
27.042027
504.219788
513.48584
549.430969
27.135738
545.526306
129.752274
28.268757
549.702881
105.61972
25.411306
114.51915
66.686241
103.324135
25.126976
548.972107
424.42981
29.72084
104.93956
87.24408
618.217896
614.030151
274.849426
625.952209
425.748718
622.759949
623.91687
624.096558
275.531677
425.616333
384.832825
627.485352
623.004395
623.962769
