23.270082
21.599384
19.693989
18.369371
19.109743
22.619194
16.922234
20.693634
14.60722
19.655685
14.324572
14.846157
23.117514
13.530048
15.542858
13.86779
15.085409
16.295437
23.520758
14.344141
19.572388
460.648102
17.347603
85.161217
21.974245
33.694515
16.639095
24.659084
114.624756
17.468506
32.311592
614.814392
18.0849
17.781097
518.323425
15.781813
38.682343
91.030556
31.330639
57.645432
15.396473
20.038574
16.546017
31.233429
19.311916
22.753342
21.025059
265.283691
81.218681
536.393616
