27.497295
24.819826
25.865374
30.350723
24.49585
24.476917
22.075293
36.416012
23.870419
24.093956
16.172623
22.73085
14.638972
21.597805
258.84552
18.581585
35.261848
45.355312
24.523243
20.077122
26.670975
23.97884
24.685444
23.173538
18.55411
521.713013
456.304993
24.271646
244.862457
56.153687
15.338858
23.977127
17.829609
24.79034
31.731936
16.776424
431.640991
327.298737
17.48415
32.310215
24.483196
23.389568
497.261108
41.249809
20.450504
451.24823
95.049301
24.618679
228.204559
471.64917
