13.759879600000001
12.746763000000001
10.85951845
11.19550685
10.856005249999999
10.9790473
10.465753099999997
9.995735050000004
9.8812993
9.648629450000001
5.09650815
9.642875400000001
9.010495100000002
10.113218100000001
8.875011249999998
9.71439485
9.513669349999997
11.002530799999999
11.5176712
12.218675150000003
11.664670050000002
11.198312449999998
11.839480049999997
11.802187600000003
12.232966349999995
12.441902000000002
11.904156599999997
12.081274500000003
12.115007049999996
12.293602800000006
12.641894099999998
12.6585655
12.349328199999997
11.779241500000001
11.67889205
11.131059500000001
10.695376950000002
10.8161602
10.062461899999999
10.419722400000001
10.5761985
11.329838650000003
9.83510755
10.198294850000002
10.519937950000001
9.95840715
9.971000150000002
10.937625299999999
10.4313215
12.04631175
