14.3304362
12.475425399999999
12.080211799999999
13.095443800000002
11.782124300000003
13.552192049999999
37.94136565
12.451762600000002
14.381832500000002
13.1925663
15.24214255
13.912597499999999
14.7633646
12.958844200000001
14.206793150000001
15.734824999999997
14.55899675
12.276345749999997
13.513286099999998
12.7572516
13.274727350000001
11.8290781
12.111948899999998
12.377622700000002
12.311153899999999
34.64335504999999
12.7627075
12.829605850000002
12.29435885
12.498472249999999
34.3350949
14.144720999999999
12.1487673
23.141359950000002
12.389724699999999
13.5425016
12.6836629
12.8324508
36.01970889999999
13.373505699999999
26.075805699999997
12.368188049999997
12.248006550000001
12.120116600000001
12.4505595
11.8385041
13.5098516
12.13892995
12.0526585
12.076949149999999
