13.813004049999998
13.887291950000002
15.219931699999998
15.115303450000003
13.7728951
12.883991900000002
12.810364400000001
13.182799750000001
12.270572450000001
11.884990149999997
11.00882065
11.312611900000002
11.37124525
11.95706465
23.96888905
11.598342449999999
13.490362100000004
13.283170899999998
12.469966849999999
12.616006899999999
8.66045865
12.881300300000001
11.4527961
12.910378799999995
12.6945878
40.91652419999999
38.27998710000001
15.50552925
26.663461
16.507539199999997
12.235301499999998
12.75541035
12.428937700000002
13.450859200000002
15.419869499999999
12.883232850000002
32.1505463
26.328712500000005
12.081703350000002
13.2043529
13.415777449999998
13.657077500000003
35.345994499999996
15.0296311
11.926686749999998
35.79960165
17.758188850000003
12.895250349999998
22.427993499999996
33.79417855
