18.103519550000005
11.155888950000001
10.237436149999997
9.468752999999998
9.857618600000004
11.032524949999997
10.69763705
11.4316247
10.483002
11.897703600000002
10.8582116
10.289485549999998
10.265775399999999
11.266448100000002
10.423797699999998
9.270560900000001
9.34448515
8.7815718
8.88557265
8.161020200000001
8.896255149999998
8.52105815
10.390973449999999
9.61168645
9.0318252
11.437679999999999
10.927572200000002
11.121373199999999
11.369089550000002
11.031051100000003
10.755833500000003
10.32670605
10.92171935
10.2175399
10.974113249999998
10.660118449999999
11.54919585
10.9776522
11.424055249999999
11.581492549999998
11.348562399999999
11.73527325
11.104931950000003
11.44024135
11.3082008
11.249163900000001
11.08977095
9.840674800000002
10.353864199999999
9.414576599999998
