13.7174755
12.4478063
12.198979499999997
11.081322
11.981463250000003
11.602602649999998
11.9921928
11.7770743
11.94263325
6.740858700000001
12.45475745
12.046835650000002
12.129343050000001
12.241254550000003
11.4768203
11.683381250000002
11.349201449999999
11.9027068
11.7769555
10.839993799999998
11.439436449999999
11.61102255
11.20579525
11.26702825
11.332327500000002
11.25635015
11.3195406
10.559438299999998
11.596065849999999
11.453495300000002
11.119021499999999
6.361081650000001
11.325648050000002
11.3445057
11.3853671
11.016164900000001
11.127466299999998
11.919486450000003
10.975621100000001
11.08941675
10.514621199999997
11.597026549999999
10.835063450000003
11.1533721
11.706871300000003
11.437748499999998
11.283061550000001
11.70697295
11.517078299999998
11.696788300000001
