14.74481115
12.173126949999997
12.46566415
11.766842950000001
11.72638595
10.87268575
11.759174299999998
12.6106178
11.191716250000002
11.25212235
11.46273755
11.0941653
11.8253216
10.465066149999998
10.297178200000001
10.644322550000002
10.851087900000003
10.782727950000002
11.1412796
10.75834285
11.945028350000001
33.7180499
10.390885
14.989223
12.318834799999998
12.632688349999999
11.2671922
12.02233765
18.812314000000004
12.27066165
13.827218550000001
49.629626200000004
13.7808336
12.633214449999999
37.223714250000015
12.698967600000001
13.638844299999999
17.550751399999996
14.745087300000003
15.417910899999999
10.8455249
13.4206785
12.813266850000002
14.263475349999998
13.778743400000002
11.7938134
12.94987575
26.968926449999998
16.30333225
39.94786235
