42.618087149999994
42.4038352
15.200542449999997
14.42565265
11.026020299999999
10.557404700000001
10.1972705
10.184105899999999
11.2199244
11.54644575
12.211946999999999
12.26505145
12.19768515
11.818228300000001
10.377227800000002
10.270727699999998
10.523763050000001
10.439892300000002
10.65103735
10.77292795
10.09696665
9.841656600000002
10.086885750000002
11.077673050000001
11.5928091
12.0991861
11.1697495
11.271332699999999
12.5837301
12.393819650000001
12.711187
12.737860649999998
12.868169500000002
13.013212149999998
12.7647205
12.3667457
12.541791650000002
11.882526350000003
10.018019550000002
9.617297400000002
9.698777399999999
9.527481050000002
9.638566449999999
11.978933050000002
9.566323850000002
9.5793053
10.4055925
10.498894349999999
11.2442922
11.505859950000001
