15.295267949999996
12.675428850000003
12.464525049999999
14.3067609
12.7711324
39.0580023
35.91021934999999
42.46298424999999
12.160045149999998
11.971190749999998
17.5712019
17.061766100000003
18.2674373
18.33019765
19.76716945
19.45522005
18.549758500000003
21.387762099999996
20.17913635
18.72105125
18.82359485
19.61230525
19.0443728
19.07359095
24.172742099999997
21.085549550000003
18.171069250000006
18.584313549999997
18.908883350000004
19.105681850000003
18.63379085
18.442639200000002
19.034328849999998
19.6029853
14.959831900000001
20.319031650000003
19.579264450000004
19.1348626
16.327326250000006
13.419033249999998
11.8145718
15.579555099999999
19.3166211
14.71347825
14.428137999999999
16.339222250000002
19.376019149999998
18.43184875
17.986524100000004
16.98312825
