13.034941900000002
12.6882141
16.32938425
14.915898899999998
15.990357100000002
14.8087732
11.945293900000003
12.52722995
12.302431849999998
11.382802900000002
11.958796250000002
13.729582500000001
16.38688555
13.766450299999999
12.009204399999998
11.807773800000003
10.34494055
39.9038877
10.067857100000001
9.749510449999999
9.79170115
9.921547799999999
9.7888466
8.98451275
9.598696
10.263904550000001
11.4439784
12.08247265
8.576969949999999
9.660897850000001
8.953244999999999
9.6782633
9.93174475
12.338337050000003
11.7244013
12.863606199999998
11.531698499999996
11.47696015
12.855087899999997
10.79265845
10.4366723
10.344151400000001
10.331316399999999
11.3003254
12.19871175
13.032376750000001
12.945699300000001
13.227080599999999
10.209906649999999
9.537933100000002
