14.407511499999998
38.315993899999995
40.891046
38.337152999999994
65.85685794999998
16.963756399999998
27.034956299999997
39.352982850000004
37.825009550000004
22.253888000000003
44.386214949999996
15.811889149999999
41.244815849999995
17.33640375
17.31466625
45.42473515
15.889030499999999
41.164592299999995
69.2399136
68.30624365
14.386206600000003
41.96081265000001
22.342906
16.997699049999998
41.69753235000001
19.19042745
15.1629824
22.477473950000007
15.965229649999998
18.59632545
15.21134275
41.369603250000004
38.239356650000005
18.148395199999996
20.973324650000002
18.19419635
46.773902299999996
44.7627721
31.051561550000002
47.96794955
42.99661544999999
46.96311505
48.40318810000001
48.1922637
29.620275200000002
46.77227735
40.3495395
45.049073450000016
50.07457819999999
50.69506025
