14.32002095
42.07714955
38.065773400000005
36.0444931
12.7104868
10.902325700000002
9.94875105
9.249723499999998
9.730556749999998
10.479208400000001
12.4440789
13.008046150000004
11.735223700000002
12.488220350000002
12.6409095
12.7687031
12.280931200000001
13.282869349999999
11.23115305
10.31472515
11.418017899999999
11.344667749999997
10.564613900000001
11.40348885
12.64492835
14.209157249999999
16.7300763
11.70055975
11.303699399999998
10.425440250000001
11.15186305
12.26981555
9.9482916
9.935297649999999
10.212615699999999
11.16429915
10.9919603
10.8097212
12.132899899999998
10.278247299999999
11.183836649999998
11.805240800000002
13.831663549999998
14.800619550000002
12.386309699999998
11.954068750000001
12.51931495
12.320495400000002
12.421515149999998
12.731582799999998
