13.382138799999998
12.6017565
13.508599100000001
13.983915000000001
14.0671013
13.475750399999999
13.606900700000002
13.183954500000002
12.8722137
11.40988355
13.444936149999998
11.8261403
13.2256161
12.556319799999999
11.4506129
11.862520649999999
12.3719561
11.737811750000002
11.666037150000001
12.1177201
11.592527100000002
11.12784465
11.828563849999998
11.81359035
12.250906650000001
11.829529400000002
12.1745591
11.8508533
10.148618950000001
23.203224050000006
11.983402950000002
12.02263395
12.007894950000003
12.560234250000002
12.56108045
12.77066055
11.94747385
12.113370649999998
11.549295199999998
11.4206137
11.906504250000001
11.8172271
12.32198925
11.538866149999999
12.183606450000003
11.4071729
11.379883450000001
10.29120995
5.07355585
11.418060500000001
