6.98745885
5.012885699999999
5.73321175
4.6610287999999995
3.9114176
3.7837014000000018
3.7045105499999997
3.4307282
3.4254538499999994
3.4169507499999994
3.3591623
3.4810358999999997
3.3854642000000004
3.3156495
3.4356015999999996
3.3913717999999995
3.4570648999999998
3.37315455
3.5378458999999998
3.3853235000000006
3.5098800499999996
3.5887990999999984
3.3995596999999997
3.398809100000001
3.4988022
3.599645100000001
3.5244048999999995
3.4563538
3.7358956
3.53558735
3.65441445
3.5780904999999996
3.4928511000000007
3.3764750999999995
3.5182108
3.3997338999999998
3.3543401000000004
3.3142799
3.3614143
3.3520320500000005
3.4976502
3.47091275
3.4094753000000004
3.34090645
3.3490679
3.6557009000000003
3.8018305500000005
3.6211074999999995
4.5155814
4.030548950000001
2.9899755500000005
1.1454096500000002
1.3983079
0.6632998000000001
0.53252865
0.5594792
0.4900226000000001
0.5652975499999998
0.5658050499999999
0.5091801499999999
0.5394439500000001
0.5031792
0.45209340000000003
0.45324815
0.45078570000000007
0.5141300500000001
0.5029525499999999
0.5065381999999999
0.47271525
0.58378295
0.53038465
0.45915765000000003
0.4820926
0.6709368499999999
0.537369
0.5158337000000001
0.5458822500000001
0.5338880500000001
0.5269951500000001
0.46689585000000006
0.4407888000000001
0.46695129999999996
0.45686989999999994
0.53505545
0.43952470000000005
0.4759445499999999
0.4789392000000001
0.44738750000000005
0.4907112500000002
0.46625740000000004
0.46525824999999993
0.5319521
0.44257570000000007
0.44125229999999993
0.427836
0.42280645000000006
0.43562545
0.5551742000000001
0.4451151499999999
0.4622406
