13.766019
10.467476
5.117077
4.945926
4.980389
4.69269
4.363784
4.609707
5.146939
3.679741
4.800334
4.540956
4.367484
5.407001
4.642492
4.910697
4.60744
4.639377
5.30747
4.809719
4.937963
3.548969
5.154308
4.630612
4.811431
3.499075
5.735494
3.941356
3.469164
4.684283
3.608143
4.081737
4.44712
4.098642
3.875618
3.381278
5.347173
3.550259
4.279455
4.344907
5.637302
3.788757
5.81599
5.411018
7.182104
6.07425
5.86607
4.95431
5.000208
3.41615
24.116642
15.127932
16.863392
19.325626
15.879742
15.850727
19.353109
14.90792
14.88062
11.488249
9.435227
15.843744
15.902905
14.842989
