23.61981
12.992041
13.266163
7.460065
8.78012
5.130612
4.701065
4.656756
4.577093
4.488747
3.649599
3.525436
4.021033
3.474627
4.541368
4.554223
5.056238
3.60006
4.90691
3.989871
6.310119
5.536909
4.229381
4.561295
4.465426
7.859579
4.552738
4.814146
5.577681
4.523013
5.749088
4.96745
4.42792
3.972162
5.053869
5.144018
4.265707
3.521606
3.868847
3.655139
5.343182
5.713177
4.220111
4.147998
3.956363
8.082447
6.199838
5.599413
15.100578
6.781986
4.539837
2.721303
2.828001
1.250961
0.806891
2.107749
0.533782
0.673737
1.74385
1.0237
0.770057
0.808889
0.955222
0.644142
0.924284
1.213805
0.84954
1.19014
0.574108
1.186347
1.347755
0.872953
1.207933
1.345358
1.114651
1.219184
1.780799
0.898984
0.929951
0.760088
0.444638
0.469951
0.521487
0.857242
0.857795
0.889902
0.893679
0.49456
0.903434
0.46983
0.711094
0.53817
0.448265
0.711408
0.606118
0.42323
0.53194
0.878132
0.464436
0.60452
