7.41307355
4.8697551
4.1023546500000005
3.7847693500000004
3.6100445999999997
3.59004195
3.5908508500000003
3.50495305
3.5153858999999996
3.4081379999999997
3.80802305
3.4332753499999997
3.4101149
3.6763408999999996
3.591346149999999
3.6734954
3.4366322499999997
3.5108592
3.72248795
-1.39774155
3.4755342999999996
3.44052845
3.6430471000000004
3.5099165999999995
3.4804700499999996
3.3573869000000003
3.8394657000000003
3.40454935
3.36018125
3.4168608500000004
3.3788109499999996
3.5579431500000007
3.1885243999999995
3.3860396499999994
3.3612080499999997
3.3284642499999997
3.4385460500000002
3.3658528
3.3857943000000006
3.3700593500000005
3.826912300000001
3.42109185
4.5757642
3.9185857499999996
3.7176228999999994
3.6484919999999996
3.630792499999999
3.73528755
3.4705453500000005
3.35488565
11.031418250000003
2.92817255
10.87584765
10.879660300000001
10.653267399999999
9.2315863
10.726310049999999
-0.2708940000000001
-11.014337049999998
4.1061356
6.511224149999999
8.4412498
13.842494250000001
12.857314600000004
