13.249331
11.343481
10.972254
10.16348
9.478268
11.501504
12.041006
13.952796
12.671255
12.419546
13.627648
12.503538
14.012311
12.588306
12.612883
12.517776
12.68869
13.636539
14.282022
14.764069
14.251581
14.274836
14.066905
14.86138
16.577412
16.803459
14.921247
16.078138
10.999107
11.324967
10.069389
11.423603
12.015234
16.292841
16.496086
12.650724
10.408993
10.305651
15.510717
16.481516
23.112158
15.793946
23.267048
15.238756
15.201014
15.645332
16.289824
15.669982
16.192278
15.588039
14.868114
15.160952
21.717262
17.247719
21.666548
15.088768
16.626957
16.019239
11.902582
8.929884
9.799083
10.090799
9.671118
11.534266
11.511541
17.649214
17.259041
15.568634
21.758821
10.43681
9.646832
15.705582
11.763241
11.444524
10.847466
12.208251
10.809896
10.976068
9.539461
10.518795
10.358052
10.110122
18.224985
10.327005
16.784988
10.311563
15.506134
15.318776
15.719907
14.976899
16.45499
9.610479
10.865907
13.049652
10.88228
14.328341
21.27482
21.827324
16.374327
15.806895
15.79765
15.457762
11.401046
15.919195
15.434855
15.413311
18.842335
10.199461
10.439467
15.544632
15.286678
15.261641
15.890745
15.924255
12.008913
10.413245
15.114216
16.043941
16.695908
