10.130492499999999
9.26437475
8.503567499999999
2.4101217999999998
1.9663524
3.2724539999999998
-1.2312794499999986
-5.473999050000001
7.7299008
2.47234365
7.387626250000001
7.6473812
8.353333450000001
3.6430415500000004
7.934173349999999
8.945723100000002
8.59887015
8.665961600000001
3.3823989000000005
8.218765600000001
8.260009400000001
8.490453599999999
-1.4673704000000003
4.932210500000002
10.528038849999998
10.073004449999999
9.084583949999999
8.974203749999997
8.473048949999999
3.22489165
7.8152614499999995
8.43559235
8.708081600000003
-1.8815889999999986
5.540484049999999
9.99533255
8.720267750000001
8.476992499999998
9.0095499
8.761345949999999
9.443478300000002
3.9030102999999996
9.3715997
8.788545350000001
9.36153525
8.359379950000001
8.310768799999998
7.891369450000001
8.64640125
8.146534500000001
8.379823649999999
8.63341935
8.6400867
8.55298335
3.5874449
2.8751262
8.558091150000001
8.64270195
8.1974607
2.53395925
2.7769220000000003
7.465505400000002
2.98906855
3.1897638
-1.8573376
10.72452705
10.266889500000001
9.297095099999998
4.2954007999999995
3.7441445499999992
8.156111450000001
8.81061285
3.0451570000000006
8.33131445
8.051112
8.303094650000002
7.58588675
7.938327299999999
8.0132687
8.171483999999998
2.634100799999999
2.9641326000000006
3.2646476
-2.7644973
9.750218449999998
3.6529984499999997
9.2332403
8.746204299999999
9.310995549999998
8.926851899999999
8.62717555
7.8151765
7.9344272
8.63058365
3.05677875
8.82946765
8.712054399999998
9.2932705
2.5018197
8.10869165
8.31052265
8.426617849999998
8.1877924
8.6775717
8.0815044
-1.4666455499999997
8.49329675
7.557713349999998
8.3071582
8.765747700000002
8.176029000000002
8.771571499999999
3.52087815
8.343465150000002
8.3422036
8.319363749999999
8.107429999999999
8.4887383
8.66529125
