10.830781400000001
9.380676749999997
9.4834657
10.114849949999998
9.961434999999998
9.6204706
9.591531300000003
9.9874218
9.5465208
9.900402949999998
9.158888
10.547434849999998
10.54538545
10.1026417
9.566907100000002
10.95359805
10.125309000000003
10.569078649999998
9.364080899999998
9.73727765
10.055448000000002
9.591115999999996
10.15001465
9.975327250000001
9.332806249999999
9.411711
9.223611850000001
9.35427395
10.565510699999999
10.124325799999998
9.483572199999998
9.575270949999998
5.758019450000001
10.232361899999999
10.275222099999999
10.05960485
10.548514899999997
10.13088125
10.23947195
10.7332188
9.669856
9.3771721
9.6603699
9.628199649999997
10.655452700000001
9.5134926
9.8464246
9.324401900000002
9.416909650000001
10.296891650000003
10.38904045
9.798133750000002
10.430561950000001
9.70988395
10.011936599999999
9.624637999999997
9.274327249999999
8.939111100000002
8.927632849999998
9.1416074
9.546732299999999
9.9690044
9.512513900000002
9.6636938
10.121318200000001
9.859694600000001
9.5233168
10.572384999999999
9.660593899999999
10.0019706
10.262704999999999
10.1212181
10.15641655
9.165333
9.78841735
9.47387805
9.4147012
9.440462400000001
10.610491799999998
10.245617149999998
9.952711299999999
10.058488
9.79609535
9.327905150000001
9.5393401
9.73585435
10.021609999999999
9.468899149999999
10.632725950000001
9.6804485
10.972081650000002
10.2097189
9.216398850000001
9.3900841
9.219721949999999
9.267938699999998
4.8493378499999995
9.944568349999999
9.83028165
11.101910299999998
10.758558999999996
9.594947700000002
9.31624865
9.721512
9.9584275
9.309553750000003
9.78047095
11.40436245
10.02431845
10.0280417
9.385651300000001
10.1916413
8.920327349999999
9.004339450000002
11.085103550000003
10.602641100000001
10.08438765
9.7383223
9.2274023
9.834916
9.09160795
9.57874615
9.5748243
10.60128395
10.766622649999999
9.881239499999998
10.06114185
10.210500000000001
10.3507444
9.469323650000002
12.035771899999997
9.857047900000001
9.984655749999998
9.7974803
9.41103745
4.78015805
8.6525548
8.9726231
8.66929685
9.388097750000002
9.569016800000004
8.62844385
9.042758449999997
9.2169783
9.068720849999998
10.6414101
9.328744499999999
9.188344650000001
9.043119400000002
9.2595643
8.99580325
9.39726865
9.47741115
9.083718550000002
9.5516994
8.991699550000002
9.313706450000002
8.8216484
9.515176900000004
9.30194815
9.3543575
9.2116278
8.7328484
10.1806827
9.6522445
9.659856750000001
9.5733568
9.805299999999999
9.7895474
9.7625669
9.654705250000003
9.829978950000001
9.981220050000001
9.448912700000001
9.4883933
10.20244345
9.351261099999999
9.715777650000003
11.932748600000002
10.626398300000002
9.0516325
10.30676515
9.365260549999999
11.486957650000003
9.80398465
9.58093065
9.4776011
12.11539995
9.9252024
9.178048
12.288188100000001
10.598625850000001
10.115942749999999
11.082370699999998
9.5240318
10.2899052
9.58523445
10.1419634
10.296260750000002
11.063691000000002
10.364742199999998
9.3814931
10.5197795
9.122948
12.149874
8.8284252
8.887333199999999
9.2734354
10.02294805
10.737358749999999
9.18890245
10.1995775
9.363232849999997
10.9040614
8.77514815
10.86724355
9.2438198
9.28459655
10.314656999999999
10.5823663
5.059290249999999
10.02203485
10.026793000000001
9.71773765
11.064327849999996
9.415778900000001
10.439221949999999
9.2227442
12.026581
11.1177099
9.17627325
10.06456975
9.438814200000001
10.314019049999999
9.256246899999999
9.32608875
10.73867485
9.46247485
11.10568755
9.394810999999999
11.1370779
8.81313795
11.056275150000001
9.396064500000003
10.766451549999998
9.4789783
9.26681685
11.274429350000002
10.294969
11.77116145
10.68440965
9.595982700000002
9.0871921
9.602333000000002
12.452960549999998
9.870133549999998
11.244394849999997
9.347111449999998
10.922447099999998
8.5421768
9.78226545
9.163997500000002
10.0389319
9.3497525
11.96127965
9.60767195
10.46587585
9.359998299999999
11.227790200000001
9.354690600000001
10.239125
10.442822449999998
11.040144449999998
9.233788700000002
9.3019932
9.283525899999999
9.3452149
9.44816335
11.227855749999998
10.092956150000001
9.99309485
9.154710049999998
10.633087150000001
9.11046
9.175434150000001
9.526924150000001
10.94367025
9.0036766
9.2031779
11.889868549999997
9.195057599999998
12.525602450000001
10.615576799999998
9.03678095
9.74754905
8.495577049999998
11.62579715
10.24142035
10.79693405
9.022794049999998
9.015992350000001
9.7306289
9.775467199999998
10.93180835
8.58566755
11.001890099999997
8.89657185
12.11665545
9.782977350000001
10.6731015
9.88882615
10.97106265
9.503122549999999
9.0249043
9.03871795
10.357235900000001
8.860760299999999
9.6908247
9.473075099999999
11.27218535
9.75338105
9.140647450000001
10.074633249999998
9.59130555
9.64338845
10.769709649999998
9.298256299999998
9.1490391
9.887579350000001
9.4267588
4.54209475
10.89325595
9.519846
9.4152582
8.9654986
9.4348582
11.33275445
9.49843645
11.859114600000002
10.508486249999999
9.002070849999999
11.463948850000001
9.889580200000001
10.405066849999999
10.588459750000002
9.1473425
8.8655133
8.9009003
8.793760800000001
9.350018000000002
10.744268550000005
8.991396250000001
10.603542299999997
8.8230642
10.8320987
8.734473099999999
9.28412155
10.678989300000001
8.8231963
11.707102699999997
9.6045999
9.782580999999997
9.168093149999999
8.895412199999999
8.12787195
10.142698450000001
9.3440174
9.0542774
5.544515750000001
8.9281373
8.92763885
11.24760605
10.24391445
11.4820879
10.062068349999999
10.816352650000002
9.87856845
9.371519600000001
10.011761049999999
9.781339699999998
11.408977149999998
8.93944335
11.14468325
8.8891381
10.257609899999999
8.941828400000002
10.905526750000002
8.7388036
11.97358955
9.271678849999999
10.6771567
8.99659325
10.594043899999999
9.016496799999999
10.182618600000003
8.6232382
10.708323350000002
9.2290278
8.864241300000002
11.286304
8.927032899999999
9.45676045
8.970355249999999
11.293135249999999
9.4659724
10.442413050000003
10.58971355
8.9642601
9.952145950000002
9.035906299999999
10.65891675
9.411936050000001
9.653955300000002
10.5405294
9.129827249999998
10.127554349999995
9.025692799999998
9.6984241
6.105628500000001
11.390894900000001
9.9422314
11.002737550000003
9.786062849999997
9.284781
9.839785699999998
13.0106401
10.122781299999996
10.03081825
9.2713361
11.026759349999999
9.427310049999999
9.22744485
12.272600299999997
10.10725255
9.445069200000002
11.926505850000002
9.6187048
9.9441577
10.087681
11.193980649999999
9.4460759
10.49330215
9.548614700000002
9.846857499999999
9.030153850000001
12.503704750000002
9.25232635
9.607675650000001
9.135279100000002
11.51370975
9.0213781
9.23593765
10.083132599999999
11.570620749999998
11.988985050000002
10.1584666
11.2478156
10.2289621
10.33868655
9.1817374
8.91351725
12.0262611
10.400218999999998
11.525033750000002
9.4071807
11.4430367
9.746905599999998
9.46794855
9.542898050000002
9.256243249999999
10.5528786
8.97450835
9.320719799999996
12.78438035
8.7442051
11.324260699999996
10.0749179
10.1085649
10.073285799999997
9.66079985
13.355363599999999
9.09261395
9.880093450000002
9.2687183
9.671096250000002
11.312590600000002
9.58120925
8.78832825
11.24771555
9.5750152
10.652441450000001
9.07054105
10.690541949999998
8.825685949999999
10.118992449999999
9.9236569
10.8225065
8.794288450000002
11.592654800000002
9.232543849999999
11.346462299999997
