15.534365
14.058084
14.830031
13.872759
14.858383
14.46386
14.36535
15.868547
20.826397
15.836998
12.954334
16.256584
14.399498
16.396183
14.05051
15.879314
15.319647
16.428413
16.43364
15.814846
14.462899
15.887827
14.37491
16.215689
13.514421
16.251451
13.854692
16.211658
15.61183
17.250456
12.410611
16.359165
15.107901
15.773319
15.635279
14.671873
16.157635
14.064777
15.949209
15.294492
16.479124
15.795477
16.574028
14.268051
19.762949
14.315246
16.072681
12.454764
15.908113
15.77368
15.744127
15.845507
16.188456
16.342072
14.416527
16.180206
12.976233
16.210789
11.878851
15.75105
13.081097
18.398483
12.953701
15.732677
15.344942
15.932726
13.629743
16.390879
17.73431
16.061192
19.652952
16.682961
16.020111
11.612179
16.464931
15.585977
15.991899
13.14831
15.768494
15.820395
20.610506
15.724147
15.844615
15.653082
16.401714
15.382678
17.549942
14.659035
19.451387
13.42137
15.717774
15.84138
12.91959
15.789077
15.865704
15.890638
14.088255
16.004738
14.670641
15.975573
14.642263
15.861963
14.457127
15.965788
15.215853
16.252754
15.268435
16.005226
13.574808
16.120461
13.615903
15.846798
10.010215
16.142515
16.732048
15.704345
17.201845
15.956587
10.594198
16.295805
11.108702
16.320171
14.240963
19.810383
29.870056
16.010977
21.830982
17.574986
16.543884
14.844879
46.780807
17.010933
19.233494
17.028404
18.723909
14.896169
10.965823
14.778784
10.385023
14.533215
20.80875
9.816671
14.631203
11.519388
11.344965
35.413277
13.897472
12.171256
12.926825
11.175795
10.696621
14.228271
17.778833
13.92915
16.787418
10.863375
17.226322
13.874561
15.433611
12.424733
16.758558
17.038643
13.766594
16.829487
17.368134
12.336643
14.549044
22.351833
13.652009
14.722833
15.241351
14.473295
19.486383
19.114456
15.478551
15.422236
13.053877
18.782574
68.316513
18.321198
14.416753
42.591888
15.310995
52.42347
15.110153
14.934608
13.590632
52.605236
14.406814
11.20531
67.938263
18.138498
30.118145
41.370308
14.035683
16.575172
14.244921
14.765997
22.376373
42.80389
29.271372
14.143709
41.398155
12.338925
67.957237
11.202978
11.999286
14.772831
15.252405
19.663353
14.163357
14.84651
16.782759
41.7164
10.016756
42.319458
16.059267
15.341767
27.940189
42.341187
15.424876
16.075993
16.567396
19.202356
40.128155
14.942862
41.926674
20.20912
48.387764
42.290825
16.170395
18.356607
18.206844
42.886574
16.439857
13.337828
43.380447
15.172071
40.215195
14.089056
42.473831
12.205674
41.860321
11.395694
41.351826
16.017437
14.072248
41.856186
21.475445
35.681751
43.198227
14.14921
16.194637
13.259188
67.97821
16.708975
42.811134
12.17617
42.122337
10.127421
18.552433
15.905933
15.866325
12.694051
67.961197
14.590269
41.649536
14.283585
42.373421
13.931759
16.391804
15.397728
42.946686
14.061115
15.783223
14.595886
16.669205
13.770319
41.737381
17.985481
15.209944
12.737333
42.414322
11.122381
16.218344
16.338684
41.917747
14.655703
14.003527
39.22831
15.910061
68.64109
19.906551
13.041002
16.45673
9.945111
42.251701
19.610661
41.986298
16.582554
15.149605
18.50198
20.368996
41.019596
10.139874
42.400352
10.682308
67.929977
14.338102
42.481773
15.319302
39.966331
14.681316
15.325459
12.980192
40.074005
10.355055
15.808742
12.26597
39.291397
14.396903
14.060011
39.238892
14.924667
14.371271
36.107395
15.304189
14.658707
16.1856
14.160639
9.961871
41.544006
13.73065
20.950611
11.003347
16.981003
41.447906
19.120592
68.062119
21.61895
12.120519
41.880699
18.842682
36.063461
40.312351
11.554464
10.246512
16.73542
15.750595
16.799999
42.301781
10.188219
41.465385
11.545458
39.312019
10.18337
14.207647
41.925186
10.175608
67.065514
14.395983
17.638226
15.522804
13.984255
9.579397
16.182316
13.887956
16.807587
15.720358
10.404184
13.947313
42.272652
18.848404
41.519432
18.796627
41.203178
18.653004
15.893881
19.096714
18.159611
52.876606
14.506499
42.963043
10.239882
21.874046
11.137512
41.186577
13.394463
68.520523
15.654375
41.294159
12.131382
42.843544
15.261964
38.663681
11.608492
42.581394
16.780514
11.472327
42.184227
14.849678
15.500647
13.174846
41.374279
14.710499
48.544235
41.404266
10.836908
15.974825
12.977451
41.903599
14.422915
16.471115
15.639698
13.787056
19.759827
11.480637
35.529278
27.405357
41.846104
22.7071
39.790913
18.267069
14.77444
14.932611
52.947495
14.648195
14.935518
12.416122
40.248779
14.465097
14.84659
41.751068
27.20199
14.077818
41.9104
15.78072
15.959042
14.696218
42.09058
13.85221
43.398941
13.627277
16.040941
11.064514
67.879822
15.35035
13.898521
11.910731
41.439949
13.286602
14.026571
29.420233
40.973183
52.874619
21.10162
43.067547
15.218715
19.03145
14.015206
15.93959
41.956268
17.358738
41.1297
12.277641
41.782402
18.798763
20.100689
16.662281
15.951452
41.241909
10.209255
15.483516
68.002098
10.175294
41.927788
15.215248
15.345568
14.962202
14.962685
67.778656
13.954599
17.879852
16.088877
14.200941
47.187664
15.32025
10.206249
41.483158
14.582069
41.271461
15.53787
42.05307
11.007755
17.242424
15.365551
40.200897
12.057328
42.150978
14.260491
40.004017
