9.97846725
9.3635476
9.2302589
9.2929527
9.231001100000002
9.3912516
8.871213800000001
9.193477999999997
9.842325800000001
8.62755505
9.4576224
9.3334116
9.037081599999999
9.4439416
9.549824599999999
9.503800799999999
9.0458226
9.5026769
9.14667225
8.881825849999997
8.865955449999998
9.0213667
9.10538745
9.1540748
8.994207499999998
8.988806449999998
9.483242999999998
9.05378115
10.084483849999996
8.82834445
9.19019835
5.0274326
9.005025399999997
9.33554795
8.383631300000001
9.03495335
9.57300095
10.2451153
9.28253785
9.4475167
4.92679075
8.8365684
9.57530415
8.7823593
8.2845022
9.2716852
9.319472350000002
8.210106
5.2545359000000005
9.139369149999998
8.94050805
4.60311875
8.6289732
8.84196575
9.171347050000001
8.7237975
9.457384000000001
9.2814627
9.850170799999997
8.867199250000002
9.5813995
8.5828306
9.3666334
9.642691250000002
9.082556899999998
8.696196250000002
8.846569399999998
9.0421199
9.393826350000001
9.383804049999998
4.7793557
8.754610600000001
9.67888995
9.74053605
9.872151650000001
9.5368891
9.1497619
5.589283
8.726166000000003
8.84889325
9.130185
9.643976149999999
8.83466995
10.309681350000002
8.925857299999999
9.222686849999999
8.871867099999996
9.240635750000001
9.377254
8.864882399999999
9.9297193
9.10951465
9.06867445
8.6961861
9.599190449999998
8.797770750000002
9.571092600000002
9.06540055
4.821803699999999
8.8685948
9.92605775
9.63546245
9.989708600000002
8.87004205
9.39876725
9.39291295
9.1727936
9.5379069
9.1583626
5.243772699999999
9.4096539
9.7985242
9.07742765
8.862133050000002
8.9033111
9.759075099999999
8.8603676
8.869348149999999
9.09779385
