4.225864199999999
5.071471000000001
6.39116325
7.1163584
29.260758350000003
29.185800399999998
28.27902785
30.294103900000003
39.979443749999994
6.493094500000001
5.538574649999999
4.891160600000001
9.264713650000004
6.927603350000001
4.591531849999999
5.4198312500000005
0.4573899
26.51481425
6.0553777
5.477953150000001
4.851743399999999
4.415944349999999
5.4812258
5.77806125
26.968111
6.681490050000001
6.90338715
5.7112122
4.803397500000001
4.6882759499999995
0.8889662499999998
5.1556821
28.493951449999997
6.987432450000002
4.8376462
4.71677045
6.440646450000001
6.18862345
4.863377
6.512651350000001
5.919288
5.110196099999999
5.1708035500000005
3.704414
5.054629450000002
27.53048074999999
7.072469150000001
5.82369515
5.3830331000000005
31.92937514999999
6.0891263
