8.560276
8.754665
5.138776
37.593918
17.868139
17.054699
15.476681
126.358727
38.392071
73.523827
74.326973
17.478191
16.513594
239.164291
239.993164
512.252563
38.893635
30.899223
510.054626
240.926544
241.13736
512.227478
91.870682
524.026855
15.952044
518.974487
17.938959
16.222128
18.479185
22.49087
15.877721
14.344923
15.464942
18.099081
16.296228
15.868958
13.670269
15.759566
29.408993
15.512578
17.388008
16.698357
17.204641
18.813593
523.634766
14.003565
17.978754
15.836938
11.430485
15.956076
15.837405
