4.59674015
4.8375841500000005
3.343152
7.821922750000001
5.304975600000001
6.493196999999999
5.749128949999999
11.219710300000001
11.4186561
11.694447299999997
11.892621299999998
8.8220109
6.381902350000002
23.264419
25.75557925
40.1448382
11.777646550000002
7.111711100000001
42.96929139999999
32.82026870000001
40.6295952
49.1003657
16.836575349999997
82.48025045
7.3421629
56.66678120000002
12.7416619
7.811455700000002
4.639392099999999
10.098556549999998
8.070068449999999
5.065045499999998
5.077665699999997
5.344790950000001
5.297179549999997
4.931992649999997
4.971134050000001
5.190085949999998
7.6737706
5.8019322
5.5005415499999994
5.3830829
6.8816799500000005
6.2499515500000005
33.40288585
5.4888449999999995
5.262690699999998
4.94886375
4.795445799999998
4.942114199999998
4.925569449999999
