14.634138
10.260609
14.210297
13.903992
14.104622
13.972231
13.851023
14.108425
13.829481
14.096581
14.610404
14.17067
13.936422
14.162359
14.106802
14.018194
14.038563
13.527087
14.23036
14.148285
13.762173
13.955654
13.728365
14.048163
14.184651
13.774981
15.088179
14.891008
21.637299
17.217421
11.673704
13.566886
10.330081
22.56249
12.65336
12.099581
17.842333
17.462435
13.311627
14.640798
10.475451
11.853184
19.221901
12.666536
12.097563
19.409195
13.599086
10.14452
14.031534
14.228945
12.769766
11.419184
11.027736
14.245466
16.164473
10.216464
22.084234
13.93158
13.925842
10.493484
13.250151
10.400451
18.293009
15.416492
10.31116
17.642651
12.89334
10.82803
12.654152
12.042181
10.647892
10.5597
19.866894
17.43626
18.725853
20.128923
19.567644
17.521282
11.468828
12.817152
11.774932
21.894524
11.789525
21.573044
12.180994
13.473556
10.728642
18.058653
13.3218
13.160524
22.350124
13.240736
12.769358
10.257854
18.672562
10.320097
22.817093
15.058955
12.468067
10.196863
17.600601
17.834175
14.370272
10.92791
17.101643
13.8428
12.606588
15.944463
12.600373
13.061621
18.135437
21.788881
15.890693
10.184555
10.166328
21.914291
10.168213
10.419733
12.504034
