5.66707515
8.715336700000002
7.670200750000001
6.48385325
4.768343150000001
4.469823150000001
3.92695845
4.62503665
29.3689415
4.4940641999999995
4.43686145
4.2007956
4.033942699999999
4.1118607
4.060932299999999
4.04176995
4.238309150000001
4.0101766
4.745498899999999
4.2407356
4.20778465
4.305907700000001
4.104738899999999
4.078017999999999
3.9547194500000002
3.8769187500000006
3.9581555
4.104445800000001
4.1984002
4.24336325
4.21649995
4.404844449999999
3.8968936999999997
4.278754449999999
4.543012750000001
4.093288500000001
