8.488532
9.670186
17.451923
23.680992
447.698853
447.273621
448.244019
448.652405
423.59729
14.252413
16.120003
14.218328
69.502365
31.121893
12.678034
15.653677
15.63182
439.13678
14.209341
14.179089
14.842149
14.678212
15.661142
17.80423
448.192993
16.629442
14.770546
18.744591
12.817729
13.361614
16.278975
14.415826
448.223511
17.207111
14.637852
13.219038
14.907484
15.878818
14.557834
14.506269
16.162024
14.463532
15.874931
13.014476
13.375227
448.409241
25.173326
12.78755
14.647538
448.388489
25.540676
