7.3533513
5.5207569
6.525447300000001
8.8125419
7.927346900000001
7.649459300000001
12.175576199999998
9.6536108
6.641966600000001
7.111761799999999
6.6561039
15.9292899
40.3147061
69.48866360000001
77.36226689999998
68.9492031
99.3472927
132.21156089999997
39.142124100000004
94.2651693
96.8264277
130.8614485
97.12079279999999
95.703737
96.21705169999998
63.02026619999998
95.17964979999999
127.12287429999996
120.28288810000001
132.05169010000003
131.48289770000002
139.18761450000002
73.02433110000001
136.4269643
140.2731151
67.3942515
140.1366687
92.19974479999999
132.95567179999995
73.4012726
141.82562290000004
130.238855
68.0588211
67.0598679
134.09871410000002
135.40446219999998
72.59009499999999
116.597749
134.794587
190.5623
110.02887760000002
