17.086414
15.704477
16.829947
18.952944
21.804586
20.027895
18.00745
16.012936
17.293743
16.684523
16.570868
37.941246
269.259888
620.870178
621.78949
620.927246
618.854248
621.640869
270.083374
620.172974
624.108765
624.108765
619.557373
626.415405
623.224243
268.365204
620.55603
617.011169
626.415405
644.613953
644.613953
644.613953
621.265015
644.613953
645.572266
619.645325
645.572266
265.796661
645.572266
619.665527
645.572266
643.970703
619.501465
271.050323
645.572266
646.130981
620.502075
606.193787
646.130981
646.130981
618.571899
