4.198541799999999
-5.863548999999999
5.094763200000001
4.584058300000001
4.614977399999999
5.429853499999999
5.1433065
5.1739421
5.0475374
5.364523799999999
4.8110099
4.634078000000001
4.6702861
5.0216295
5.8876016
6.6431682
6.018176899999999
6.1180588
7.2621970000000005
8.6986839
5.1196348
6.381645
6.8455388
5.388703
4.8832906000000005
6.021177100000001
6.0303844
5.0598134
12.934393400000001
0.15504969999999946
3.7123723000000006
4.1219586
-6.754799800000001
-14.9118448
4.3025982
6.924780799999999
6.8541536999999995
6.6092836
7.234756700000001
6.676136699999999
6.8026675
50.1453367
12.082765300000002
34.162989800000005
38.1846141
70.25533069999999
19.900637800000005
25.1599417
25.2670146
53.9616183
75.989859
