6.467355
6.297254
6.565567
6.573135
6.561159
6.559067
6.573618
6.567051
6.58405
6.514102
7.253678
7.255523
7.306142
7.273686
7.334471
7.310134
7.296905
7.295063
7.354931
17.968674
8.512791
8.182632
6.415788
4.797664
4.622047
4.888363
4.576137
7.935471
11.678229
7.739124
8.183692
7.433955
8.571224
16.226402
6.041097
16.574158
8.165583
8.125613
5.014127
16.306137
5.430167
5.128538
9.039441
8.680548
9.28222
5.090264
8.232889
8.130121
8.361253
8.521502
16.039284
3.702523
4.466576
5.075583
8.137642
8.963389
5.292911
11.633167
8.236092
16.77055
8.369417
15.887982
18.115511
4.139547
8.193773
5.050877
9.131937
7.571878
4.237667
17.471052
4.913684
17.483013
28.290346
8.668158
7.702564
4.882134
3.471672
4.756901
4.737389
30.421339
5.736994
4.992242
5.04225
28.334238
17.667332
6.147709
8.682244
18.619865
17.997507
7.745862
65.5457
6.380596
41.811298
6.849868
4.777591
5.193578
3.954288
5.346146
17.480753
4.759891
21.315943
9.458055
6.050166
4.507775
16.154623
4.533288
7.792249
7.868502
5.460959
8.562227
28.922338
17.900492
4.386339
6.892402
5.830453
5.833163
21.655964
17.227388
18.682455
4.882538
6.108858
4.528916
5.597458
5.638816
75.086388
4.155532
5.21833
9.183751
7.462376
15.672687
9.061137
6.059858
32.610939
10.670313
6.850687
4.031786
5.927499
9.4046
10.241397
5.942622
7.40839
5.178662
5.035409
7.11655
32.969627
6.032589
6.182111
6.330417
18.592611
4.575091
7.037488
9.541214
58.305973
5.97024
5.405807
4.94195
6.231963
10.632431
5.079981
54.02034
5.86961
6.776109
4.998763
7.959746
5.284147
31.929611
4.988833
72.827072
24.162479
33.483616
75.326508
4.785878
4.226659
6.118335
6.435215
8.731366
29.845318
9.092649
3.79614
71.150215
5.948669
4.28372
9.068652
5.372926
6.447409
36.31601
9.257225
32.639153
6.359229
11.555962
10.796704
23.987982
64.511673
9.038593
35.005344
10.655927
3.665538
4.138234
3.64488
4.792016
10.737868
51.257568
23.809769
5.979671
24.11404
11.074399
9.511879
21.677963
9.013204
3.894391
7.094125
8.206385
24.662781
17.823961
19.239786
27.002825
4.19498
2.064492
23.274727
4.042816
4.490273
10.952877
36.773628
18.281244
5.619992
19.393412
21.99036
10.469692
5.241722
6.866804
27.677654
6.564481
24.05212
5.235341
5.888155
7.697806
9.673827
6.053692
23.207014
7.745703
10.299473
10.083031
9.154295
3.885018
9.439919
19.07513
5.071369
4.932951
3.921881
4.829226
8.922978
6.047288
4.693393
8.9814
5.827942
36.822674
9.605173
64.263687
8.117149
6.019863
26.919619
4.42158
31.80411
48.148758
7.98597
9.454277
3.75035
5.490083
7.694135
5.921035
7.249006
27.592077
5.9523
23.521303
4.665974
9.290333
4.486709
7.60448
5.631751
49.320816
24.216841
7.087012
