2.6022969
2.4829327
2.9238462
2.6936718999999996
2.7718663
3.2234708999999997
3.2315912000000004
3.2758537000000003
2.7815402999999996
2.8066185999999997
3.6979507
4.3251998
3.9132057
3.6842788
3.1012633999999997
3.7859722999999996
4.068877300000001
4.477032400000001
4.075017099999999
5.8104035000000005
3.9136829000000004
4.110748899999999
2.9755029
2.904947
2.4273642
2.3010675000000003
2.2855868999999998
3.4248214000000003
-4.888531
2.8083087
2.9348403
3.0461579
3.6557407000000004
4.0903934
3.2381082
4.6429849999999995
3.0720747999999998
2.869776
-5.181956899999999
4.079724000000001
3.3014918
2.4151151
3.5371520999999992
3.1328639
3.676361800000001
2.7251500999999996
3.6979008
3.5335308000000003
3.044553
-4.417642799999999
3.962422200000001
1.980087
2.7345998000000002
2.5976051
3.3147016999999996
4.0434881
2.6339405
4.1793144
2.9846703999999997
4.8093697
4.458802599999999
4.0945781000000006
5.4049419
1.8718792
3.2918671999999995
2.9694317999999997
3.736731600000001
3.2978154
2.5352755
4.5946905000000005
2.5149466999999994
4.6842128
6.5244322
3.5000518
3.5810205999999996
2.3713309
1.8746558999999998
2.3670305
2.4021353999999997
6.505137700000001
3.6190842000000005
3.0034046
2.7736514999999997
4.902826199999999
3.7268579
3.2417317000000003
4.1813073
4.5079571000000005
4.811519999999999
2.7243626
12.9383554
3.2884811999999997
6.4741762000000005
3.1336760000000004
3.0768875
2.4165191999999998
2.0588094
2.0915853000000006
3.8098224000000003
2.7655388999999997
5.364307800000001
3.1485463000000005
2.3545122
2.5368323999999998
5.1123646
2.7302306
3.5251209
3.3458458
3.0146485
3.2527757
4.982801400000001
4.019251799999999
2.2091442
2.6174534
2.5265497000000003
2.7296572999999995
4.1568998
3.7298430000000002
4.5436183
2.7181840000000004
4.228320699999999
2.7484409
2.7272225
3.0972149000000004
10.1595832
2.3211859
2.9841992
-4.7883406
3.7200810000000004
3.7372406000000007
2.8467323
2.2691315
6.031368
4.0799489
2.3125619
0.6590521999999999
2.355986
2.8966420000000004
3.6779684
2.8831607000000004
3.5256350999999997
2.9277719
2.4754435
3.1946979
5.905302399999999
3.5515162000000005
3.3901561
3.5824859000000004
4.0405176
2.9537834
2.8980696999999997
3.3838012000000006
14.589795
3.2535045000000005
3.0762566999999996
2.8523846
3.0915457999999996
3.1509861
2.4611614000000004
10.779284099999998
2.7504805000000005
3.064076600000001
2.4172779
2.5458282
3.0048129
6.5022137
2.3584056
9.326398799999998
5.3228364
7.550267699999999
10.433072899999999
2.9609848
2.3087152000000004
2.948942
3.1653785999999995
2.7123038999999998
6.511369999999999
4.3653654
2.4730795
9.252110000000002
4.0846087
2.9886524999999997
2.9180803000000006
2.360984
2.5968129
5.881238899999999
3.9474565000000004
7.408288199999999
2.7443782000000003
4.8519027
3.9071465000000005
4.603344900000001
8.886533199999999
3.8365085
6.9455759
3.8092263
2.2755945
2.1722999
1.8846865999999998
2.2505857
4.1404153
7.128151899999999
4.6234254
2.6932127
4.5951768
5.200082800000001
3.4657929000000003
4.2916145
3.1485765
2.3432106999999993
2.9211157
3.6409009000000006
4.9947574
4.5527313000000005
3.9374250999999996
6.7787983999999994
2.0499958
1.8031681
4.306468499999999
2.4060858
2.275856
3.5203169
6.392791100000001
4.711571999999999
2.3090748999999997
4.855637300000001
5.0158279
3.451618700000001
2.1474269999999995
2.7339708
5.771662099999999
3.0005048000000007
4.2853209
1.9914661000000002
2.4151803
3.2479497999999998
3.3794826000000002
2.8960164
4.551442
3.9559354
3.6876989
3.2333081
3.3577825999999993
2.6833741
3.7334671
4.3158702
2.9497746000000005
1.9615534000000003
2.4734769
2.5726004
3.3521188000000004
2.6229087000000004
2.9485851999999997
3.0753830000000004
2.3803114
5.600584700000001
4.455929299999999
9.021287999999998
2.803985
2.8761284
5.3654486
2.2454726000000003
4.919206600000001
8.7830829
4.312643200000001
2.9563807
1.9492389999999997
1.9379357000000001
-5.1321078
2.6028595
3.0963934
4.5742935
2.2626467
5.221720199999999
2.1691569
2.854081
2.0036738
2.4233013000000003
-3.9931244000000006
7.544952099999999
4.591847100000001
2.8580926999999994
