3.131391
4.092889
3.27757
3.130682
4.710734
3.61991
2.951684
3.049252
2.913856
-6.285928
1.035879
0.802509
-99.659004
0.652824
1.567205
1.420152
0.582334
-99.285423
0.221207
1.414229
1.003931
0.870805
2.514135
2.103869
1.539324
1.388433
8.741458
-4.78612
3.057709
3.067764
3.135265
3.186555
3.089314
3.065258
4.487977
2.793747
0.043851
2.211522
4.930942
6.588775
3.937313
2.515147
2.257037
-99.650124
3.490687
5.216613
3.469909
0.267819
2.173734
0.703343
3.016203
0.877709
1.898514
3.157981
3.040247
1.984726
6.627054
8.403963
9.952392
4.36365
2.909483
5.886316
6.649465
7.657408
2.897595
6.074491
0.442331
3.131308
-97.619949
4.457333
3.778486
3.916244
8.746398
3.981878
1.050878
0.428697
2.910606
3.155151
0.682925
3.75066
1.414157
2.658112
1.518347
1.979615
3.327252
3.541685
2.309925
0.994189
7.00684
2.848054
0.836846
3.518461
4.042448
9.143542
2.084687
3.026346
4.118651
2.804265
3.473425
3.263868
4.42857
-6.56742
1.316112
0.923898
2.40304
2.065682
1.690269
5.068993
3.443461
3.071645
2.69469
-99.164261
1.8537
4.980463
5.256908
4.024942
2.210486
-98.56282
0.445199
0.323893
2.527264
2.426018
-98.586014
4.346403
3.33233
3.196124
4.160556
5.326911
3.041321
-99.048889
3.623909
1.760739
1.584949
1.376678
3.497486
5.526065
4.029284
4.219863
5.735277
3.716868
3.320334
-99.098587
4.052283
3.165621
3.184744
4.488448
3.440394
3.718449
7.494106
3.507988
1.998187
5.9333
3.897714
3.722697
4.607153
3.307766
4.040255
3.037323
1.321034
5.586075
1.816541
1.581093
5.148149
3.86777
0.864985
1.396053
1.837564
0.518414
3.735369
3.265209
3.881562
4.443211
5.596589
2.600716
0.887613
1.389129
3.286044
3.424101
4.501115
1.690884
3.086824
3.132742
4.615056
3.521762
5.471791
2.304399
5.050544
1.397258
2.219293
4.983055
4.236725
3.941551
5.550627
4.488917
3.440267
4.40166
3.818141
4.906808
3.818429
0.784404
3.679378
3.946332
3.220096
3.362218
4.119224
5.347409
1.911841
4.259638
1.920227
-99.566536
5.153697
-98.902328
1.364077
4.46978
3.249674
2.969063
3.78703
3.529227
-4.656815
1.640401
1.4533
0.926542
2.123415
3.00071
1.542954
2.240022
1.503185
0.946784
1.578829
3.161972
0.869656
-99.404259
1.895659
2.13944
2.765719
2.408118
1.565302
1.927172
2.442962
-99.843689
0.035515
0.785835
2.958424
4.130224
5.347405
3.636913
3.546061
4.993164
3.579183
3.232655
3.67623
4.03508
3.933645
1.55172
6.087217
3.257293
3.10986
3.834414
2.965239
5.976956
3.627136
3.623676
5.08902
3.297724
2.953028
0.493442
7.669898
0.553635
2.777934
1.172375
2.423916
1.54304
2.740137
1.636624
4.332243
1.310659
1.881453
1.518054
1.765759
1.782134
2.261972
1.340995
2.855778
2.363684
2.587068
3.734487
7.143182
3.456114
5.035811
4.338028
8.335932
-98.785187
-99.475853
3.031881
3.740233
1.013888
2.709844
-6.30085
4.171375
3.403857
1.661906
2.985663
3.094888
3.398453
3.048198
5.445104
4.403925
4.711914
2.953892
3.610862
3.638294
2.118493
2.214994
2.615115
3.517417
4.078993
2.581676
2.524168
-99.970169
-99.922668
9.154779
4.060383
1.890171
3.345111
3.308801
4.575443
4.228949
2.321433
0.557559
3.060715
7.922058
4.214951
4.732624
3.465604
2.225364
1.306477
3.703963
2.100231
3.951447
2.616596
-98.765579
3.101156
2.489865
5.203575
1.201115
1.783326
3.487825
3.18712
0.529414
7.118625
3.638991
9.844924
3.959429
2.287289
1.042692
4.54896
1.996452
3.884976
2.586453
1.817855
2.892056
0.663996
1.470361
3.334308
4.066829
5.300362
3.913286
3.073503
0.887173
1.448766
0.722731
2.116975
1.360843
3.648411
3.305056
1.243623
1.549916
0.294403
2.127198
3.416561
2.900596
-99.991257
3.651128
5.086407
4.216187
-99.468651
0.306597
2.105364
5.478405
5.554707
0.22405
1.939182
4.391909
1.588914
2.01277
3.352209
3.911263
1.896435
2.664735
0.330028
2.222497
3.060615
2.853646
3.044913
3.018006
3.558738
2.058779
1.551314
-99.226768
3.955505
4.179966
3.247203
5.654255
3.79778
3.436651
3.060332
3.727839
4.467361
3.918709
3.10016
5.384486
2.948383
2.330589
2.568761
3.313198
3.55255
8.523245
2.969945
3.271471
1.367724
2.098886
1.672453
2.608825
8.393493
1.958449
2.895724
5.202512
3.665856
8.792791
4.86536
4.915178
3.288494
1.133084
2.472505
0.301569
2.191106
1.219659
1.348229
-99.198029
1.028051
2.268969
0.744762
0.723909
3.060918
0.432925
1.029236
3.399335
0.555057
3.218299
5.231597
3.91088
5.518215
3.354748
2.470007
2.214111
3.99658
5.543428
3.198233
3.404514
2.46665
2.425731
3.257886
4.430285
3.270045
3.287062
4.864338
4.47467
1.607281
-99.653
-99.870987
2.135359
0.157815
3.232508
2.221024
1.609977
2.262602
1.336158
5.511253
1.869259
1.579627
-97.433922
1.803238
2.106638
2.408517
-2.428035
-99.551468
-99.319611
1.238262
2.267686
-99.78186
1.230544
3.175832
4.720164
2.832861
1.724
-99.066505
2.03662
1.131176
3.128463
1.946642
1.419382
2.271874
0.695655
3.533651
3.666624
8.669353
3.463808
1.720716
0.944908
2.936361
5.242544
2.662933
-99.765289
2.553208
4.27144
3.038986
3.337199
1.529434
3.427313
2.264189
3.093024
3.713976
3.365645
3.190161
3.312025
3.157076
2.115603
3.110193
4.01149
3.431785
3.256996
3.425857
-99.502022
3.959221
3.800422
4.142948
3.0937
3.025291
3.664963
4.011304
3.488791
3.461005
2.941034
3.596907
4.917699
3.452826
1.938904
2.920575
3.023836
1.220574
2.710331
3.152649
1.679389
2.008502
-99.325012
0.999941
4.328422
1.363944
3.739302
2.218368
2.062383
4.004914
3.070963
4.618231
3.301045
0.927802
3.5344
2.901335
2.974861
3.879291
2.040491
1.350048
4.933016
5.662223
8.098722
7.237538
6.575943
2.559273
2.209896
2.490303
2.922859
3.190344
2.334253
1.735377
3.100057
2.98577
3.381079
3.967922
1.072276
4.792702
2.876704
1.117981
1.299405
4.156663
2.090962
3.290045
2.013588
3.679701
6.122487
3.104436
4.232526
3.801954
3.355843
2.855824
1.441949
3.18765
3.823495
