5.901455
9.186257
1.995013
6.371183
6.713439
4.777897
1.862142
6.073998
5.400027
5.322865
5.034379
4.747102
5.558029
5.00781
4.397371
4.934321
5.690361
5.038739
5.103646
5.499163
6.568307
4.737363
4.792308
5.193944
5.311454
5.05087
4.801085
5.182065
4.880163
7.604708
4.945522
4.850117
5.560987
5.261888
5.741072
5.485593
5.755809
6.78832
7.519643
4.774281
5.003824
5.15413
5.202398
5.37434
5.569427
5.514298
6.808018
5.508478
5.675016
5.932101
-4.642861
7.75318
6.361968
9.078585
6.430719
6.452397
4.350035
5.51095
8.019878
5.297784
5.407641
14.230481
10.630767
3.823432
4.037602
6.819141
6.661053
8.845394
6.007533
5.821292
4.786938
4.924131
4.954081
5.281816
4.695232
6.156762
3.379711
9.239574
6.696716
5.341068
3.610741
1.78238
4.60439
3.478021
5.560338
5.759966
5.805884
5.088069
5.037251
5.549327
5.280959
17.166872
5.227705
5.401007
5.23989
5.118029
5.815952
13.78585
5.628803
6.619037
11.641856
6.444238
11.71872
8.905012
5.837802
2.814027
5.475719
4.959352
5.698845
5.249986
4.849747
6.5754
5.270529
5.047703
5.664357
1.301172
10.027568
5.059468
6.010775
5.183142
3.872437
3.63683
3.53379
3.610023
6.424421
6.970808
9.811644
5.101933
5.789199
4.989547
5.941564
4.64613
3.12773
3.119123
5.601751
5.723641
5.020974
4.296985
5.567892
10.486391
5.459064
5.188591
5.31373
5.15824
5.9543
4.915208
6.117085
5.323194
3.249019
2.970572
2.97585
3.861098
5.318039
2.823858
3.180778
2.490189
2.857064
4.718331
1.476002
3.243774
3.998749
3.902926
3.99782
12.424782
4.916458
5.114067
-3.900921
6.49338
7.801114
1.117126
2.976206
5.120449
5.776522
5.450732
6.634828
2.84532
7.10775
5.00868
5.514388
5.571153
7.381629
-4.450923
2.916193
4.662662
-95.724899
7.11954
5.114363
5.230313
2.807858
2.127277
3.091752
1.899894
13.320792
4.898922
4.956424
3.99775
5.864586
4.83215
6.658088
4.974141
8.856095
7.36516
-6.136948
4.514379
5.193265
5.670375
3.647825
2.438096
1.380954
3.659413
8.209212
4.528025
10.496346
5.45439
5.338724
9.743168
5.334369
-5.50522
5.804694
5.141933
5.165086
5.022054
4.998138
5.451434
4.875776
4.764557
4.771577
4.515193
5.310843
3.560831
3.840676
3.504256
4.868479
3.580521
3.745755
4.717648
5.012176
4.732182
-6.014532
4.786485
5.371587
5.429344
5.605303
10.469585
6.005798
9.617629
8.446879
5.29954
5.020268
7.050112
3.663139
3.64869
0.750881
3.314958
-99.74987
5.450319
4.783504
5.870367
9.210594
3.903329
3.833299
7.012544
6.054779
6.483829
8.808257
2.326913
-95.406647
5.007411
-5.482314
3.711195
3.401222
4.222579
2.751579
3.701374
6.655193
-5.797115
4.08104
8.85707
5.127367
5.196769
4.582072
5.472842
4.892478
7.958914
5.395341
5.454813
4.545358
5.494473
-5.572871
6.025638
5.481297
4.441975
3.832309
8.970345
4.374108
4.781495
5.287385
6.519041
1.150176
-98.041214
1.012853
5.959799
5.288654
5.426943
6.453386
10.87482
4.276214
4.278119
6.98718
0.050719
5.151347
4.886583
4.732666
4.972535
5.068998
4.715157
5.27982
5.52319
5.126501
5.04004
5.623061
5.601127
5.588339
-99.923714
5.470417
5.467791
5.582772
-99.509247
5.456882
4.031759
3.175668
10.516854
5.287322
4.903065
4.989287
5.200748
5.932247
5.46407
8.040816
5.216979
5.30732
6.036183
5.604453
3.287574
2.582106
1.54565
5.065939
7.295643
8.964572
11.295558
4.953444
5.05201
3.709288
3.243914
5.878846
5.039589
7.855057
5.125775
6.416434
5.820816
4.460078
4.625731
5.092822
6.358806
6.345263
4.940499
-5.197425
3.440133
4.015768
2.248297
3.584949
3.770427
3.592713
2.838065
3.653734
3.324194
3.712813
7.487192
5.029299
8.130635
5.135684
5.312575
5.134569
9.128348
6.465467
3.941943
3.13124
4.840985
4.82893
4.733121
5.684005
6.348899
5.764115
9.573208
4.368744
4.94288
4.950446
4.904599
6.483024
4.623219
4.786854
4.823212
5.113774
-6.013963
-99.500092
0.622412
0.545322
4.200191
5.406654
7.493805
5.002976
4.174118
5.327305
3.857076
2.92629
5.338603
5.29993
4.967168
3.365752
5.069781
0.240904
2.03722
4.49978
5.077569
4.891349
5.04538
5.758718
6.003475
5.073888
7.715607
6.082966
5.202882
3.079581
0.896258
1.49514
5.376017
5.646548
5.43726
5.127523
2.599514
2.544477
-99.354408
2.806728
3.359073
6.136971
5.099351
5.182641
4.740876
7.503787
7.044471
7.586945
4.917154
3.814755
5.025295
3.784754
2.821076
2.445452
6.927273
4.674253
4.645719
4.727602
2.925829
4.727979
9.951203
-5.573691
6.465685
8.286168
5.550487
3.89115
3.721872
3.846982
-97.343048
7.240986
5.561066
8.104834
-5.764013
5.056744
-6.194058
5.205006
8.45614
7.344715
7.312092
6.046241
7.17526
7.693064
10.299164
6.740479
6.434707
-5.981587
3.004498
5.504689
5.284248
5.151543
5.0278
5.316413
5.100377
-4.682685
4.004214
5.285636
1.384367
1.626064
1.595158
3.500095
6.113664
6.397839
5.344718
5.430362
5.51756
3.936152
4.116776
5.049063
9.397671
6.034105
5.82528
5.924635
5.757903
4.794145
4.948951
4.830889
1.663524
5.061593
4.709464
3.601556
3.436187
1.424177
2.369468
3.175678
3.610774
4.086753
4.134654
2.945036
3.400861
-97.64431
5.740513
5.064173
7.416625
6.648101
5.410671
5.114375
7.129734
-6.159014
3.207222
4.858821
2.921511
3.493208
3.855906
2.944282
3.021528
2.613247
0.42221
3.192505
2.496538
0.474244
2.821417
3.383456
5.159694
5.276184
5.671371
7.637549
4.798527
4.46477
6.207287
9.160731
8.603498
6.066747
4.402114
5.647629
5.828695
7.127888
5.428129
6.448205
1.086886
4.425717
4.548647
4.597561
4.902471
5.403755
8.861669
3.893188
3.101105
3.315338
2.418316
4.537178
6.030588
3.844628
0.32425
3.912446
3.546075
3.085083
3.365179
3.073713
-99.576752
3.819587
5.195902
6.636712
12.114365
6.717353
4.499555
4.718998
4.853526
4.759875
4.810426
4.148721
3.476261
2.921024
3.877821
4.039928
5.516129
5.316697
8.697741
4.975759
5.009435
5.309051
3.5682
5.678334
4.716219
4.662046
4.70213
5.13259
4.785844
5.059712
5.75413
6.510785
4.802594
5.301375
11.184317
4.172798
3.09227
3.634047
1.48899
5.432539
6.056704
4.936008
5.007121
12.92277
5.697875
6.102471
4.720439
4.747547
1.804555
2.61171
2.906919
-99.659653
2.934029
3.727037
6.783044
5.025172
5.070462
5.200524
3.420518
3.399505
3.052857
3.173999
2.79157
5.312409
5.158561
3.011325
6.137649
-5.815786
5.013068
8.526002
5.366226
4.912156
4.964547
5.175911
4.944041
3.309963
3.60205
3.793105
2.901179
4.753875
4.887002
4.85268
4.872022
4.756743
4.959721
4.825427
5.054861
4.846898
5.397315
4.940379
11.74135
5.061993
8.607584
6.386222
5.405679
5.666785
5.074193
4.978776
4.692842
5.27867
4.820537
5.055788
5.335397
0.463452
5.271706
5.630546
5.248013
5.967368
13.721583
8.236288
5.745411
14.141544
6.696473
3.300056
5.294771
5.25507
5.975211
6.814597
3.872745
-99.357315
3.172351
2.620569
3.797737
3.451241
4.981798
5.018895
5.936575
6.737555
5.430353
8.353428
4.952674
4.588818
9.012914
5.349029
4.79241
6.349286
4.821221
5.18247
11.196045
1.393231
2.800081
2.36408
5.270061
4.76968
4.730464
5.080664
6.939554
5.289706
4.894823
5.543114
4.501453
4.563646
5.125107
6.052461
5.022364
4.858026
5.381441
-5.281878
-5.315636
16.787401
7.127878
2.501216
-91.109665
5.301652
10.136532
4.041831
4.483847
6.771789
5.688377
5.937594
5.510516
4.52681
5.827148
5.142515
4.89254
5.355424
4.764746
5.190182
4.990493
4.79487
5.598966
8.642523
8.054223
5.056241
5.798544
8.819692
7.118235
3.462518
2.55922
4.052912
1.506008
6.360178
6.90972
5.377268
5.168585
-5.463865
5.125608
5.519469
5.285472
5.530811
5.844337
5.23739
6.679379
5.731121
5.323138
5.44505
6.747487
5.959818
11.136641
7.245018
5.05374
4.55699
4.473744
5.584545
5.22307
4.751637
4.206275
7.585886
-3.238681
4.870623
4.574582
4.941348
4.934803
2.351746
2.811644
3.383872
4.972291
4.878168
15.489503
5.153687
5.658551
5.694699
5.080876
4.823312
6.040955
6.509752
4.920322
4.763957
4.806894
6.487013
4.744806
4.545117
6.947911
4.489592
5.562905
2.835012
-97.489258
6.125997
4.149916
3.392091
3.907193
3.382324
2.261526
3.698453
1.1158
2.670429
8.192055
4.413465
6.680106
8.382243
-3.448901
4.891516
6.110773
5.046087
4.740942
5.381873
5.166967
5.014653
7.435111
5.944895
7.817741
7.002951
6.241633
9.656286
-9.325695
2.052468
2.880095
6.741107
5.064801
5.272184
5.651684
5.182249
5.588536
6.009332
5.518634
6.322699
5.856612
5.386379
5.450133
5.325541
6.420821
5.417403
6.357802
7.276021
5.315168
4.570989
6.323716
7.415966
5.070361
4.977596
5.239648
4.769383
4.993121
5.501982
5.704555
6.61042
-98.588097
4.758063
5.279504
5.063253
5.028927
5.440449
7.235647
5.457667
3.516376
3.524045
2.824905
6.297201
3.203562
3.399789
1.275781
2.793241
4.950307
4.875197
4.701549
5.206766
5.060411
-4.496493
5.26565
7.56206
3.827263
3.161623
3.220383
3.708825
3.81564
4.514788
3.706486
5.977692
7.939493
4.961154
6.404042
5.773115
5.138903
5.123026
4.752656
4.799505
4.919213
5.026361
4.645869
4.990968
4.730712
4.77882
4.942134
4.841116
5.254107
2.464203
2.073041
5.357719
5.263609
5.350499
6.087183
5.257746
5.081907
5.241316
4.877544
5.009603
5.12351
4.86146
5.29071
5.496447
4.923717
5.757975
6.191952
5.258768
4.970542
5.053807
4.979884
4.9103
4.865399
4.882455
5.126092
4.98525
5.667706
5.564545
7.209083
6.576548
7.028615
8.853246
3.954013
3.445784
-99.749954
2.740291
3.888151
3.234857
-6.083445
3.705756
4.714025
4.779916
4.851673
6.583774
5.248916
4.787349
4.002526
3.944813
4.913832
5.249101
5.846567
6.690621
4.61168
5.579814
4.834351
-6.143441
5.015435
4.788206
4.844565
5.194907
4.64623
4.038164
5.936905
6.229711
5.051603
4.831831
4.885533
5.016048
4.961315
6.76632
6.388002
4.841047
4.948751
4.765079
5.197788
5.099852
5.64081
5.142167
5.357335
4.44089
4.817876
4.790826
4.370833
3.694327
3.955263
3.407276
3.587388
3.620611
2.261087
3.078755
5.053489
5.066957
5.051992
3.90077
3.579588
5.532975
4.845977
4.764061
4.688382
6.235955
6.143836
5.059019
4.745018
6.494912
6.156
15.203957
6.374019
1.603046
2.291325
1.824082
-5.750222
3.175981
2.941045
0.360513
4.711932
4.10544
-98.8433
2.192427
3.789714
2.024359
5.433667
3.899413
3.262784
1.416262
3.357561
3.618016
5.221056
8.301635
2.342159
3.051211
5.90588
5.281727
7.268355
3.357896
3.542876
5.779248
5.411778
4.864549
4.097044
3.481996
5.454583
6.673933
5.587155
5.372344
3.302277
2.350846
3.193901
0.740965
5.417912
3.000599
2.705597
2.267565
-98.958923
5.898913
5.055441
4.724469
7.706997
5.684602
5.397354
4.740772
4.62786
7.634878
4.689352
4.783989
5.037837
4.941508
4.633733
4.449722
4.988791
4.857346
4.460547
5.103455
4.598104
4.761006
4.721951
4.715795
4.808831
6.827754
7.321398
4.851631
7.938897
2.891182
6.131344
6.766416
5.411342
7.582397
7.393118
15.283557
4.730707
4.313898
4.872844
4.647232
4.783348
4.793296
4.943276
4.839628
4.867844
6.072874
11.390224
5.625047
5.803454
4.638108
5.126204
5.347827
5.062716
5.284403
5.122294
5.442636
4.795044
5.957136
5.837924
5.73272
4.777479
5.190926
4.966784
4.726895
5.160801
5.143354
3.214702
5.917465
7.736197
5.802147
5.895037
5.871176
-3.582379
5.47727
5.911993
5.485879
4.897022
5.185488
5.064476
4.979774
5.200536
4.765977
4.923578
5.098856
5.116298
5.870761
5.102996
5.067119
4.78076
6.519186
3.529518
2.603894
5.000959
5.018435
-99.92733
11.405854
5.863728
4.850096
4.788336
4.866879
4.911396
4.86785
4.668778
4.756755
2.854249
6.378753
7.726458
5.706163
6.602901
5.173697
4.794703
4.905269
4.835062
5.056905
5.292437
4.96751
5.079236
4.47031
4.568403
3.484576
-98.895645
7.212988
4.732187
4.884058
4.598037
4.903881
4.665137
4.671104
4.949575
3.142729
-98.749481
3.140267
2.494627
2.228354
3.217566
3.627509
3.424469
1.840977
3.542041
4.644105
5.085135
5.187935
6.47669
6.625082
5.966766
5.477515
8.96887
4.808137
4.963579
5.622848
5.388925
4.960784
5.738748
15.210439
8.375644
7.316672
5.757793
6.026258
6.860182
6.053112
8.739694
5.094619
5.737976
5.66525
5.227727
5.285553
4.96528
6.003553
5.125637
4.496458
5.3122
6.008707
10.418378
5.202825
-3.587438
5.377865
4.842519
6.445599
6.471583
5.07863
6.093903
5.991272
8.497653
4.932604
4.773608
4.603817
5.059583
5.110764
3.664088
4.220402
1.776294
3.132424
4.790802
5.321091
3.525199
4.852924
2.586399
0.722292
5.053825
4.602424
4.891623
4.662259
4.746671
4.591083
11.327496
10.821012
1.785826
2.643298
7.562924
8.757441
6.769331
5.624327
5.787402
5.050445
5.297561
5.389255
5.475807
6.736058
4.747912
4.902257
5.078
6.8469
6.614491
5.501494
6.348181
6.08484
5.748199
5.438612
6.122526
5.356861
5.433973
5.28621
5.427076
5.240762
5.101547
5.019094
5.199263
5.735338
5.743814
5.115092
5.932889
5.315055
5.205901
4.55695
5.127955
12.421474
6.02404
9.416358
6.220454
5.116389
5.436063
5.447133
5.68636
8.955292
9.673226
5.729865
6.84596
5.778265
5.788554
7.164736
10.795678
5.964809
5.604358
5.379461
4.825053
3.892938
3.752212
3.43369
5.099523
5.004945
5.162271
11.485497
4.742619
5.01443
5.24543
4.942207
6.692339
5.766665
4.659753
4.83008
5.746081
5.013036
8.650461
6.760491
5.741275
5.485773
6.067048
-5.173083
4.767462
4.755994
4.76917
4.658665
4.948585
4.535279
5.178981
4.84916
4.670903
5.180096
4.595969
6.765213
4.717919
5.364214
5.459548
6.054435
4.534678
4.939095
4.444375
4.961999
4.913567
4.704861
10.348927
4.699514
4.647675
5.998104
3.728862
2.939379
3.877333
1.990547
2.166093
-98.254234
2.730747
5.195145
4.809057
4.415925
6.609884
11.59469
5.20932
5.940268
5.035929
4.730243
5.439948
5.035874
4.854383
4.967917
5.772191
8.119079
8.056805
4.991122
2.57178
2.989308
2.828774
1.009766
5.109899
5.181972
5.24622
5.674212
5.018353
4.132596
3.426521
3.478858
3.961095
3.359798
5.469038
1.473017
4.5589
3.647396
3.633903
4.09779
3.614125
0.358579
6.867032
4.921722
5.329158
3.77079
2.99415
-97.104805
3.922626
7.596757
4.835336
4.748097
4.901875
5.257897
8.033713
4.762519
4.999941
4.701998
4.673174
5.404424
5.820198
13.703309
4.868331
4.937077
5.00458
4.951509
5.746473
5.569191
6.163637
6.874028
4.753191
4.964988
5.679682
4.926665
5.349922
5.155913
5.569503
5.083693
4.826214
5.07581
4.894053
5.002904
4.927194
4.791239
4.776862
5.00455
8.847736
4.349719
-1.41668
5.738949
6.322257
5.82928
6.59768
3.532138
3.782912
0.336884
6.87425
1.26334
2.055635
2.816354
2.29294
3.633903
4.206305
-99.328629
3.669528
2.752342
3.726075
5.620547
5.484252
12.526059
4.748438
5.166209
5.585996
4.974269
5.658102
5.149436
2.589784
4.982941
5.347626
4.408742
3.996992
3.334296
0.959016
0.874245
4.145482
3.96897
5.491986
3.222875
2.065264
3.144542
3.895563
2.80034
2.360039
6.724139
6.733893
5.413104
4.746854
7.01218
3.896327
3.515377
3.743274
6.071816
0.909467
5.168908
5.227707
4.050681
5.847018
5.245037
-6.177078
3.234429
3.361632
3.600448
3.624421
-99.690964
6.638594
3.596166
0.960503
4.11794
4.117472
2.809625
3.034895
3.54031
-4.874766
4.984567
4.929097
4.733264
3.010033
4.041931
5.066525
-3.299277
5.907141
4.796447
4.922003
4.8056
4.754096
4.746905
4.963522
4.980299
4.911771
5.026688
4.718807
4.723164
5.458555
4.867759
4.952396
5.170833
4.899001
4.978545
5.126036
5.630934
4.780405
4.076957
-97.870033
1.584384
7.389209
5.835572
6.886023
4.713443
4.75142
4.858823
5.89128
5.228824
4.879405
5.613374
6.450025
4.65373
9.660279
3.308162
1.47302
4.517822
3.396938
7.243689
5.056549
4.379381
8.246172
4.452241
5.362702
6.687093
4.705988
4.726597
4.802114
4.677857
4.781076
4.942654
4.843583
4.791099
5.192332
5.872309
6.337397
4.95696
4.937598
5.681884
4.002016
3.900354
3.046687
-99.387016
-98.163231
3.376473
8.42808
8.038771
7.388103
6.751993
6.47049
6.066938
4.547175
5.56314
5.892517
5.931273
4.941844
4.775396
5.892706
7.575986
14.844645
8.19853
4.871034
7.369098
7.117006
3.424305
4.254594
5.256789
0.383383
3.479186
3.360437
3.4817
3.304762
2.906526
1.925039
3.532972
1.613128
1.854757
3.221731
3.569167
5.217093
5.077719
4.256646
2.628555
5.578211
7.281069
3.742435
-94.307327
5.19674
5.058081
4.805404
3.113991
0.634893
4.090229
5.468331
4.923257
4.988913
9.30544
4.469683
2.795902
6.201242
12.223751
-4.90728
3.738356
4.442474
4.640573
3.962204
3.786671
3.720897
3.704345
3.567888
3.066788
2.867674
2.244719
-97.106415
5.672995
3.861475
3.943561
3.76926
5.459071
5.323475
5.517054
4.739441
4.778858
4.872389
5.821729
4.294353
0.503674
0.984481
5.245754
5.399039
2.64277
-4.390217
0.132637
3.057021
-99.543373
8.356296
5.032804
4.895553
5.019288
5.025425
6.142873
10.132078
6.408892
6.211443
5.358391
5.250853
4.921169
5.442102
4.94236
4.745711
3.831515
3.855822
4.419634
4.970803
5.360533
4.565758
5.527333
5.337004
5.655665
4.946634
4.863474
4.893087
-6.113705
3.528921
-97.606697
3.351828
3.481102
4.988365
2.495039
3.194232
3.892784
1.8774
-99.103439
3.193827
0.940706
5.546265
4.937273
5.047675
4.700536
4.908146
4.963694
4.960019
6.231406
6.890381
5.391748
8.321147
6.68042
4.741907
4.803795
5.610291
5.100512
5.048094
5.140755
6.912055
5.051614
5.038822
4.724405
4.637844
4.445024
8.477915
5.462964
5.434517
5.063192
5.048604
3.88483
6.495296
-5.903316
6.363109
5.629223
6.352218
7.118846
5.669891
4.349853
6.418612
7.365482
7.524683
-5.586509
4.554417
5.428505
-4.98932
5.69585
5.511765
4.938398
5.501866
5.284789
4.826704
4.911627
5.263973
5.040174
5.454268
9.590713
7.920609
5.062779
5.262146
5.758253
5.230815
6.113523
6.176896
6.144916
4.725621
2.780148
7.957532
6.042805
5.679682
6.6539
5.130534
4.99367
5.139593
5.345665
5.324518
5.349347
5.497845
6.583607
6.857682
5.218392
4.882875
4.769405
5.078927
5.304915
5.860461
8.134059
5.323302
7.418551
5.332421
1.908103
10.576909
5.407352
4.606004
2.598978
3.597903
3.935046
3.631501
2.814041
3.290509
8.806248
3.082065
4.790359
5.064278
12.431537
8.269004
15.265615
5.192776
4.87044
5.709591
5.510921
-5.701547
3.191179
3.996804
3.618531
4.029284
2.783257
5.636511
5.085783
3.643839
2.381273
1.136284
1.325234
-99.339783
3.461713
3.171234
-99.971725
0.571011
9.683567
2.992588
3.79367
3.631549
3.848841
4.073443
4.625383
-6.192162
6.919732
9.332032
15.534921
5.108523
5.704201
5.37355
5.900929
6.58357
-99.994812
7.281316
6.136361
5.088805
5.796931
5.941406
4.759909
-11.855712
3.672022
5.524498
3.993551
3.184329
3.364488
6.773781
7.415807
4.971771
6.544581
12.223026
6.392616
4.753447
5.052911
4.779046
5.049251
4.680076
5.00575
7.034132
6.519778
4.270731
3.123919
3.719624
3.485982
3.309658
3.167598
3.493224
2.297117
-6.156103
4.661064
5.202024
4.881044
4.914439
4.331978
5.546974
2.998947
1.987331
3.333683
3.496661
0.032617
8.789514
4.957576
4.553002
5.23792
4.55419
6.600969
6.12441
4.261078
3.395769
3.135695
7.035482
5.786998
5.517457
7.216394
4.451121
4.817567
3.029597
4.243892
3.732791
0.456511
2.908592
6.128917
4.638759
4.507026
4.905337
2.905359
3.596269
3.516253
3.470366
3.281882
3.978445
3.284588
2.520505
0.803276
3.223636
0.673956
3.795296
3.832687
3.880531
3.801976
3.744577
2.264521
6.818188
4.796419
4.967211
4.806376
5.019594
4.806625
4.886255
5.089077
5.676348
5.563564
13.450074
4.098007
-99.686142
4.951375
1.318187
5.339004
4.811259
3.286326
7.245314
5.641586
4.857994
4.840199
4.948469
4.657502
4.860292
4.707922
5.737622
5.959935
5.133355
5.275782
11.710641
3.384122
3.664966
3.699236
3.673944
5.398537
5.805339
-3.683451
4.891455
7.200581
-4.44417
-99.138428
1.240832
12.393978
5.399513
3.449673
6.693392
6.104064
6.228671
5.65979
5.391438
4.93967
5.73128
4.939125
4.848024
5.643385
5.01256
5.643863
2.222822
-97.834839
2.857461
1.725584
0.637792
6.352995
5.494217
9.498888
-6.132815
4.947572
4.840068
4.919191
4.897211
14.202773
3.325283
4.964615
4.724367
4.592756
4.017961
4.700534
4.847197
-5.88911
4.96001
4.613316
5.302206
6.384509
15.942402
8.718504
5.094423
8.285556
5.145657
5.67268
4.972836
4.617794
4.757504
8.635135
5.695403
5.290126
5.51691
4.988142
5.765364
4.826415
5.702618
4.915645
4.731954
6.144475
5.099294
5.778375
5.143324
11.093071
4.917467
5.81434
4.569903
6.129076
4.872575
3.79347
4.914149
4.874857
4.932851
4.820738
5.296587
3.935704
0.879376
4.308171
3.381148
3.813405
4.190537
1.078491
1.576325
2.01542
2.329207
3.913556
0.746467
2.40356
3.225276
8.792081
7.897164
5.3047
6.179333
6.167037
10.115943
7.215157
4.305833
5.241992
4.834161
4.663116
4.212008
4.543306
3.656548
3.472216
3.623667
3.529526
3.41898
3.570508
4.949525
5.076304
2.195823
5.028573
4.099601
3.251431
6.720286
5.699098
5.56607
4.927855
6.620982
5.786734
4.471887
5.212103
6.54695
6.686155
5.265706
-5.789329
4.777219
5.442705
4.965595
5.327497
5.186882
5.04764
10.289285
4.892779
4.7757
4.911048
6.964783
-11.424684
2.822509
1.928043
-98.482437
7.095594
10.581739
6.760486
6.439179
5.576567
5.499458
5.48261
6.556806
6.418328
5.317959
7.732929
-2.122549
3.000944
6.612902
5.570512
-5.969009
1.878307
3.396957
3.208783
7.257333
3.336032
6.585839
7.06081
6.366865
5.062137
4.713896
3.832644
-99.94722
2.613117
1.33185
1.486726
1.894722
3.168289
3.292874
3.519916
1.744714
3.562792
7.549173
6.561661
5.444893
11.061316
11.966652
5.902364
6.540467
5.604048
5.968053
4.86572
5.405036
4.723825
5.330458
6.451959
7.097381
6.159624
-4.400616
0.524889
2.047777
-97.86515
7.500056
4.818278
6.515427
10.662147
3.739668
9.927328
5.406817
4.597698
4.948426
5.067901
4.866559
5.521311
4.859054
4.939226
4.557555
4.810374
5.130099
5.07401
4.723555
5.240429
10.063376
-6.085767
5.29838
5.519844
7.354863
5.827097
6.219177
7.740547
5.562173
6.441812
7.949284
6.622939
10.655428
6.716135
5.011766
4.746008
5.524011
7.642646
6.771894
-4.635385
3.869413
3.500056
3.729806
3.153208
3.117031
2.253934
2.073903
3.893111
6.217777
4.005524
3.802142
3.607911
1.673153
-95.055382
3.84841
2.746403
2.66581
3.649083
3.22767
2.566523
3.777348
3.646259
3.571625
3.568287
3.757214
3.696586
3.603564
3.53643
3.378863
1.902129
2.988767
3.633627
0.667056
3.210532
3.402791
0.204229
7.278456
5.091992
5.66926
4.932476
4.586939
4.564848
4.665482
4.586764
4.674479
6.783257
4.883207
4.749223
4.535423
6.394995
5.334053
4.107649
3.274554
2.820667
3.7919
-98.751862
1.232038
2.388344
4.755343
5.248501
5.111338
4.906351
5.840218
5.530414
5.114738
6.471189
5.369298
5.373936
4.77681
-99.961617
2.064469
-99.252838
5.128381
6.032045
3.174345
3.441157
2.872374
2.5824
3.082502
3.654983
3.489407
0.16859
0.269056
3.569946
6.894402
5.388387
4.979764
4.475363
2.714908
3.164868
3.806164
3.57604
8.554737
7.219535
6.704688
5.169475
4.827808
5.608542
3.194634
7.814262
5.540139
5.7903
4.808852
4.737759
4.898971
5.05847
6.111734
7.128991
5.230578
6.043947
6.952376
10.342111
5.288553
4.749287
5.575912
5.634256
5.079505
8.317049
4.236073
7.181717
6.221781
5.521994
4.910526
5.021331
3.504325
6.589616
5.007324
5.538178
5.710428
6.34746
6.141667
5.61328
15.293101
5.364047
7.021244
5.330896
5.207266
-99.809967
6.441367
3.86605
3.833566
2.438901
6.768751
9.960878
5.93072
5.79047
4.634579
4.423532
1.319
5.860721
-2.233012
14.674056
5.528181
6.067286
5.438786
5.277834
5.083856
5.442623
4.896116
5.065262
5.109619
4.942336
4.898137
5.215776
4.91785
5.027635
4.968968
7.0896
6.210651
5.527272
5.022261
4.445026
4.773671
5.156073
6.992344
9.581582
5.939091
10.729066
5.268044
6.210566
4.741916
5.988001
7.828366
4.6134
7.520723
5.713416
11.730718
-4.092311
3.247262
3.878246
4.203826
6.400295
4.464666
4.474169
6.88703
5.151177
4.922914
-5.061089
12.286746
4.576162
3.173985
5.124464
1.637357
-98.947556
4.625224
5.505116
7.091282
5.789035
5.601239
9.152063
6.634862
14.007728
8.157444
7.186352
5.23298
-6.179747
5.01545
4.97927
4.92494
4.782853
5.642474
5.186915
4.57554
5.156656
11.552076
14.096165
-6.113474
4.616014
4.73564
4.761962
4.697978
4.666076
5.76584
5.04005
4.541066
5.076036
13.862834
7.186286
-1.506386
4.934969
4.784299
4.822737
4.556734
4.994659
4.39544
4.550413
5.597615
5.557628
5.14186
5.054966
5.108438
8.305264
0.601547
-99.03746
3.040418
4.285963
0.415043
3.268701
3.168091
4.118205
3.983805
3.409672
3.637438
3.53385
3.843948
3.56429
11.835586
11.419403
5.565522
5.072925
2.62695
12.917917
6.393732
4.845589
3.989981
3.569604
4.003631
3.817806
3.844479
-4.3098
2.10588
5.010328
4.77952
5.280122
7.894945
5.790858
-99.719917
3.070384
-99.517212
3.584358
5.121679
5.013263
6.349126
6.118048
5.101704
6.200509
6.802287
6.63771
5.985742
6.837025
10.645962
6.186979
7.274316
8.340324
5.289197
5.909315
12.409391
6.958354
6.341151
5.641491
5.45242
4.828395
7.401081
7.186976
8.655825
13.362985
5.413713
10.005253
3.56289
4.88484
5.33392
5.03652
5.345702
5.146133
4.674375
5.029132
4.510573
4.738247
5.810508
-5.871647
4.8482
5.685294
4.799532
4.825569
6.562395
4.922128
4.943949
4.841924
4.95787
4.821225
5.481539
5.023345
5.458723
5.117743
9.274762
5.938771
4.923546
5.641566
3.466494
3.183424
5.339107
5.049623
4.666304
4.716111
5.022751
4.902814
5.639524
5.634191
5.05892
4.793799
5.21359
7.713783
6.445719
4.802983
5.834391
5.298264
4.598577
5.102041
4.87672
6.091041
5.060374
4.675025
4.565792
4.902366
9.181535
13.364846
8.157764
5.009922
4.919624
4.939579
4.911822
5.428232
6.144172
3.641755
4.949979
4.010883
3.544005
2.898189
3.752098
3.130856
3.73711
3.782076
2.754955
4.601151
5.625201
-5.249323
3.690753
3.277755
4.098148
3.693295
2.563626
6.590358
3.443106
3.05136
1.566195
4.112077
5.467767
4.485557
4.770184
8.092436
11.375957
6.063994
4.785022
2.786306
-5.905772
6.197106
10.612247
-98.264709
2.373262
-3.718603
7.314772
5.990515
6.566332
12.162848
5.901595
8.491769
3.695272
2.0131
5.66984
5.144767
5.407091
5.509977
5.767741
5.152077
4.905422
4.889288
4.910351
4.786858
4.996612
4.854986
4.895192
5.394375
5.534097
4.955874
5.23958
5.589445
5.526113
4.526962
4.72942
4.744351
5.285707
4.726753
4.793294
4.698605
4.696524
5.15138
4.994748
5.338473
6.710035
8.352645
4.764143
5.663972
5.307708
4.554255
5.273979
6.371597
4.940142
4.943028
4.818078
5.023494
4.381953
5.281343
6.566437
7.628688
6.922338
4.892053
4.990009
4.952056
5.098231
5.85195
5.192052
5.970154
5.825408
5.690593
5.028026
18.414698
-99.127502
4.029874
5.012221
3.457788
-98.626091
1.006045
-99.849777
0.16699
2.092974
3.670162
4.065722
3.52578
3.518036
8.700515
2.851772
2.625442
3.13239
3.676556
5.177964
3.326519
3.396457
3.03093
-96.487518
3.900415
5.666974
2.664737
3.425306
2.975653
3.02439
6.5074
2.974735
-98.819733
3.057521
1.751607
0.969465
5.294107
5.468601
3.254523
5.199517
6.357651
3.368786
3.475018
-99.278572
-99.229927
4.904766
4.027745
3.856432
3.81652
3.887518
-99.122429
4.791447
5.218453
5.784049
3.077016
3.153757
2.315791
4.190943
7.361451
4.304957
4.645417
4.63324
4.598665
5.13994
4.764859
4.594679
4.7482
5.306191
4.610231
5.100761
4.582343
4.869822
4.594749
4.750173
5.959263
6.806837
4.688895
4.845579
6.655473
4.832102
5.094796
6.028635
6.129148
18.264736
8.288388
7.010147
6.593971
5.403358
5.905542
6.580961
5.686992
5.716502
6.494053
7.342177
6.204407
5.384398
5.561814
4.744269
4.812293
4.55028
5.570091
5.509717
5.82275
6.396658
4.805136
4.637056
4.649648
4.745888
4.802802
4.891207
4.980068
5.040147
6.246989
6.85688
4.673835
4.749741
4.637103
4.748326
5.126086
5.175461
4.629221
4.856874
4.573254
4.387839
4.500246
4.38433
5.019448
4.672617
5.964972
-4.823801
4.762592
4.618464
5.120892
4.897055
4.794098
4.514599
5.207629
4.567759
5.224037
7.397673
9.161358
6.982207
4.748786
5.432621
5.827841
5.021708
4.598784
6.128056
8.699495
13.677078
6.182785
4.701422
4.840745
4.698486
5.726305
9.308367
5.00113
4.803913
5.703794
8.733876
2.493163
4.964995
5.085832
18.144966
6.850194
6.892726
6.035099
7.400229
6.387166
4.727617
4.233417
3.131731
3.017284
3.165264
5.214712
4.03235
3.876575
1.793726
3.840318
8.085073
9.878699
5.295756
6.948647
3.788669
5.540977
7.725628
6.114323
6.655512
7.633111
6.546247
6.231545
6.109116
-4.703402
2.397703
5.417724
5.278847
5.595484
5.567746
4.790709
5.451378
5.112134
7.120463
4.597164
4.554198
5.15775
6.419938
6.561547
6.249949
5.871481
7.393106
5.756719
4.916214
5.112316
5.600591
7.199021
3.547598
16.082764
13.322421
5.156545
4.606536
5.431462
5.843938
5.733864
3.205125
3.239552
3.498447
3.223485
2.700963
5.620963
4.627002
5.17782
5.526225
7.90573
12.432634
7.129675
5.566273
4.88137
4.607305
4.794279
4.880755
4.657952
4.725422
5.462346
6.35863
6.419288
8.404334
9.682932
6.443376
6.689408
4.834875
4.964865
5.68869
6.893188
5.81317
8.068917
1.86003
3.216237
3.537586
3.194232
3.351587
1.332916
-99.323364
2.503802
3.600659
2.9068
-4.977165
10.19614
4.855595
4.821579
4.771104
6.822619
-4.971809
2.918742
2.203308
3.531586
3.415273
3.108794
-5.018611
3.367753
3.210117
-97.592545
3.117237
2.765628
2.671075
3.115025
4.409575
5.589598
4.845673
4.96452
5.979512
3.723653
10.604513
4.973817
4.535796
5.383253
2.607394
4.523572
4.877825
4.890479
4.861729
4.852714
5.053145
5.096214
4.887977
4.905737
4.95486
4.894929
4.802088
5.155321
4.9595
4.823287
4.870604
4.62629
4.915982
5.124109
4.818162
4.933641
3.514741
3.892676
3.483453
3.34006
3.658627
3.99111
3.585763
6.445949
5.8949
5.239747
4.884141
5.103807
-4.539089
3.490916
3.262074
3.956938
4.494595
2.651152
4.247801
7.589411
5.407078
-5.633005
4.670135
4.766871
5.061934
4.777948
5.524951
5.46321
4.904532
4.785092
6.001307
7.328069
5.414024
4.691747
4.732487
5.236342
3.820216
1.693142
3.212971
2.687373
1.182293
3.481093
3.733331
3.24868
3.11489
3.29907
4.04566
3.28727
2.365811
7.44338
4.61457
-4.304432
5.080458
6.649273
4.891408
4.279076
3.918035
5.820794
4.069803
3.526145
2.967102
3.063392
4.840763
4.623952
5.555235
4.710405
5.518789
6.807033
7.653297
5.659471
5.342294
4.790792
5.387912
5.351791
4.791736
4.890721
4.789965
6.036324
12.391977
11.479611
5.478273
4.813319
5.090135
4.969379
4.814822
6.120679
5.838572
6.387995
5.007241
5.021909
4.812173
5.221097
4.970244
4.967957
5.078569
5.008574
11.362355
4.749768
4.698115
5.392328
4.739102
5.852728
5.166755
4.788845
8.017216
4.78637
5.084554
4.834766
4.92138
7.507941
5.364368
7.757221
9.825507
11.907701
9.852972
4.71897
7.429003
4.973051
4.747751
4.929974
4.962972
4.914977
5.085992
7.237371
5.733091
4.719238
5.145125
5.305584
4.852238
4.687907
4.879487
5.063319
5.118372
5.480597
5.023382
4.950518
5.400751
5.010757
5.24913
1.986978
7.564172
4.559391
5.803623
5.476537
5.041823
4.584069
4.562116
4.617597
4.747969
4.764998
4.835339
4.681123
5.815647
11.270169
6.509911
5.519989
3.807381
4.236622
3.660528
3.610379
3.106871
2.449572
1.834625
2.398732
2.581487
-98.391838
3.042672
3.221135
2.867154
-98.162163
2.323584
7.443532
4.680082
4.861441
3.91557
3.38867
-99.535072
8.485868
-4.125392
4.235427
3.505771
2.867131
6.454016
6.500687
6.674724
5.427011
4.885404
5.109489
5.803541
6.306496
5.254618
5.592864
5.871083
5.513135
4.33049
9.10848
5.834547
6.09788
6.612085
9.01757
6.981496
7.20834
-2.218749
1.239985
4.291479
-98.692841
3.225243
3.054088
4.11227
4.949588
5.05698
6.940041
5.270088
5.617154
6.463907
6.60041
4.850858
4.91995
4.955315
5.098104
4.939072
5.045994
5.0239
4.905769
5.399447
5.828028
5.199879
5.06637
4.731215
4.128725
5.446965
4.125719
3.236007
4.053682
3.209086
2.466516
0.072794
4.829479
4.722368
4.786426
5.567183
5.21358
7.185493
6.523374
3.597667
3.412077
3.269513
4.484692
3.26753
4.541895
13.076546
9.014213
5.176229
4.998329
4.351693
4.855689
4.81491
4.90273
4.909502
4.709649
4.734185
6.40556
5.215177
11.115546
4.950892
5.110686
4.76985
4.897741
4.859313
4.913759
5.001564
4.803315
4.791456
4.770574
4.962052
5.153264
5.572288
5.095044
5.117584
5.616326
5.014657
5.244429
5.357691
5.334326
5.013836
5.06728
4.993704
5.086046
4.913434
5.992543
5.827078
5.24566
6.142506
5.850301
5.955284
5.667835
2.046891
4.887858
5.187159
10.398411
18.564648
6.50041
16.054665
-5.965561
3.140271
3.147676
14.66745
2.567219
0.093354
0.918598
2.448412
2.46522
2.975158
3.296586
4.865043
6.691762
8.335067
17.242237
8.311638
7.220458
-5.654986
2.748471
2.607888
3.432963
3.62417
2.554272
2.011776
2.935599
4.933351
4.881172
4.928789
4.821304
8.899382
4.992475
4.911876
4.659519
4.792394
4.61793
4.880924
5.384667
4.81542
4.685795
3.345248
3.468034
3.686647
3.502011
2.372023
2.143615
3.432474
5.644076
-2.116994
3.3351
3.998262
2.365982
4.785916
4.77072
5.356355
4.757927
4.802821
5.368319
7.100356
7.13972
4.920236
5.708725
11.349151
5.854788
-6.179885
4.701375
5.111177
4.934969
5.805372
4.802772
5.160161
4.946021
5.018244
4.659609
4.967793
4.895768
4.968542
6.200834
5.655231
5.457532
4.815
5.312021
4.905861
5.367796
5.793832
5.731391
4.864988
4.655907
3.78752
2.813995
1.999999
2.940788
2.966283
3.181646
2.675794
3.984964
3.391859
3.629625
3.786886
3.88489
3.30289
5.270485
5.072547
4.501157
4.854816
5.11568
4.849708
4.891453
5.169415
5.413933
4.905507
2.450813
3.876592
3.581578
5.251529
3.788687
4.252378
0.585492
2.345794
3.294353
4.049803
1.937548
0.986017
3.902915
3.853039
2.938969
1.474627
2.618129
5.86833
3.211749
4.07954
1.973972
-99.101776
-97.801025
7.255181
0.488947
7.485236
5.628705
-3.096519
3.470285
1.176104
2.549513
3.868541
0.117519
5.083495
5.253138
6.077306
4.688919
5.116449
6.844993
4.540253
3.762556
3.803521
-97.552917
4.112475
3.76294
3.956891
3.087573
-99.69577
3.372809
1.551112
4.422999
4.336643
5.037828
4.868875
6.069391
5.168839
4.615993
-4.657185
2.793787
2.27638
2.48339
1.387889
3.408552
3.418332
3.965626
2.428526
4.318273
5.085551
5.564224
5.046546
4.863742
4.983359
5.038577
4.985193
5.097183
4.71817
4.968286
4.905946
4.947532
4.816312
5.240811
4.95134
4.834216
4.652721
3.905995
2.660954
4.463587
5.647132
4.926935
4.986887
4.914761
4.747109
5.21536
5.411152
5.491852
4.896121
5.375987
5.917941
5.110417
4.83149
4.824729
4.920703
5.288371
5.400246
5.009295
4.865666
4.94901
5.560301
4.736719
5.587987
5.037395
5.566521
6.750125
6.528865
7.216438
7.662634
6.737269
5.936155
6.90915
6.513479
13.202635
4.861053
4.977375
4.413538
7.047362
4.934373
5.45689
-5.996174
8.345113
6.918924
7.138911
7.396898
6.46177
6.231274
6.108852
6.593337
7.218724
9.84593
14.682749
6.604715
9.804139
5.971072
9.041387
6.705029
7.151281
7.0132
5.162482
5.858956
6.749827
6.654461
6.638816
6.629133
6.181867
6.790144
7.118893
7.44013
15.833102
7.636699
4.784516
5.594707
6.849066
5.60069
6.493374
5.776065
6.872004
5.393544
4.837008
4.95731
4.807913
5.086452
7.501153
12.3005
5.028978
7.177951
6.023994
6.376121
8.393042
6.553064
5.512192
5.018997
5.615759
4.686253
4.581443
6.023585
5.358333
3.922892
12.408599
12.759521
6.050326
6.381844
5.054585
4.54807
4.365431
5.002148
5.578585
6.597105
6.538043
6.384614
10.894506
10.244197
5.571611
5.290663
5.578131
5.601669
-4.735683
8.424894
6.477965
8.730301
6.239865
5.846082
5.017423
5.479184
6.647892
6.912372
9.322995
6.3601
5.158627
4.901442
4.774252
5.347529
5.737699
9.448635
6.648181
9.5736
6.039943
8.480095
7.629044
7.554695
6.984275
14.93407
6.752403
5.889695
5.3682
5.296144
8.312027
3.97789
4.113868
3.896859
3.19543
2.881926
1.229726
3.644658
7.751501
1.583878
1.642257
3.356263
-98.127884
-92.273567
3.36491
4.504118
9.290133
3.694686
3.012538
3.443465
3.253219
3.361046
4.031959
3.231965
3.678368
5.010003
5.555375
5.850591
4.761988
4.544196
4.667863
4.610022
11.85097
6.879426
5.389672
5.218081
5.461543
6.12321
5.409572
5.856591
4.847095
4.568663
5.751064
5.687415
5.191608
4.821661
5.146913
5.803835
5.259878
4.937659
4.847445
4.974212
4.997133
4.909098
5.36559
5.352021
5.37036
7.736671
5.770875
4.9863
4.530151
4.880708
4.757518
4.789345
4.625225
5.315145
7.118712
4.79716
5.027808
4.861899
4.975543
4.824606
4.864641
4.881128
4.870901
4.914512
5.27507
5.760572
6.486386
4.829478
1.749752
5.17123
4.877633
4.799783
5.078328
5.042135
4.745785
4.929619
5.297219
5.605212
5.383065
2.824389
3.679583
4.084257
2.989532
0.589349
5.926727
1.561357
3.131393
3.60695
3.426507
3.246348
7.248824
4.768981
4.836911
3.38852
5.258779
4.9638
5.078884
4.992503
4.910982
4.903204
4.773502
4.912019
4.687778
4.811023
4.820821
3.406805
3.621374
2.905712
2.390071
3.166955
3.052256
0.434346
2.65079
3.022949
1.775494
1.402479
2.490466
2.165468
8.560361
5.457679
4.914859
4.844039
4.89681
5.934114
6.480611
4.600453
5.947142
4.815368
4.786059
4.770922
4.737663
4.714859
4.70196
4.757123
4.874858
-99.075424
6.026736
5.358551
5.885896
4.887417
8.170178
6.214055
5.363752
6.243725
4.646492
2.900748
3.377115
2.529744
11.055117
-11.747889
3.019423
3.693122
6.389538
2.690787
2.690587
2.151068
2.317244
3.228722
2.110568
0.924508
2.980531
2.936125
3.230864
3.652442
3.177441
3.158221
3.529273
-98.750793
-99.929512
3.057324
3.733585
2.9859
3.134413
2.90154
3.595593
2.061924
3.769033
3.81859
8.821001
3.905603
5.641334
5.166343
5.832153
1.088079
0.925019
3.163128
1.67151
3.352058
5.450213
5.05689
4.907188
4.790993
4.892144
4.746809
4.937716
5.040836
4.642505
4.952438
4.698071
4.72235
4.838577
4.813769
4.811306
4.927691
5.218012
5.022184
5.14182
4.919116
5.87073
5.018537
4.849763
4.932804
4.795224
4.342425
4.706116
4.768767
5.506153
-4.704682
5.665963
3.912861
4.377193
3.544697
2.666746
0.589396
3.47285
0.264257
3.278185
3.768561
3.292059
0.811651
3.667614
3.828887
3.478825
3.477619
4.950579
5.335428
4.556852
3.774819
4.227466
9.508843
3.711515
3.460187
5.200479
5.169883
5.34415
6.910922
5.527996
4.94987
4.895328
4.739175
4.995222
5.09504
3.120384
3.076644
3.650728
2.152361
2.896732
3.269166
3.818456
-6.019404
9.86342
8.599165
5.743139
5.737385
6.526819
7.092109
5.7498
6.684307
5.355007
5.120227
4.905073
4.901473
5.085687
5.568823
4.343613
3.709062
3.990834
1.648102
1.882409
4.253316
5.532021
5.808169
5.798156
6.118175
5.881492
7.113328
15.686007
7.835472
5.368497
5.777689
5.210265
2.265844
4.800137
9.009423
2.73954
-99.054268
3.015692
2.777426
3.766677
3.125952
3.910637
3.115448
-4.426713
5.75278
4.849339
4.550378
5.256037
-4.051336
2.545464
1.31257
2.996807
-95.742752
3.558721
3.853037
4.035056
3.266515
3.435596
3.557524
3.522954
3.317929
1.232844
2.587893
3.937928
0.804117
5.327309
4.842463
4.608282
4.986405
4.723304
5.027746
5.241724
3.374198
2.828801
3.208406
3.81132
4.724961
7.280459
5.601545
4.889454
5.063354
5.026681
5.060084
4.422912
5.217556
5.764857
7.001347
6.322335
8.710427
3.795458
3.680293
3.392533
2.86054
3.105449
2.050208
0.079024
3.454916
3.018592
4.526326
3.623742
3.056216
4.990482
5.036764
3.72127
3.326414
3.619005
3.778906
3.823874
3.847631
3.888149
5.204556
6.029187
4.342569
3.798254
3.89528
3.76748
3.338759
2.445096
4.130793
5.547961
5.470328
4.619305
4.564148
4.902506
4.804577
5.110772
5.288539
5.148668
8.509096
7.834739
8.678177
7.465971
6.057631
7.261791
5.897151
6.785918
5.95965
5.183886
4.957426
5.020027
4.879486
4.053122
0.048074
3.507967
3.945719
2.163775
5.258355
4.999078
4.650453
12.887613
2.561183
4.855172
5.741981
4.673274
4.784836
5.384195
4.6259
5.772996
6.739436
7.582463
7.737432
9.367797
6.410755
4.799644
4.762347
5.322814
6.074994
6.041197
5.030478
5.437999
4.825182
-6.08789
5.384481
5.342698
4.749304
4.464967
6.866472
7.731876
1.678846
3.397761
2.920194
2.829836
2.336049
4.736255
4.655218
1.883403
5.826028
5.101266
5.373685
5.719203
4.992076
5.040166
13.988149
3.447109
2.194832
2.191131
1.809649
2.467129
-97.450722
4.008502
4.818669
5.429839
12.092796
6.57606
6.825151
5.984049
6.428412
6.859738
-6.148588
4.680924
5.87584
7.05249
4.190042
6.385265
3.828758
3.965616
-99.987808
3.043012
2.967488
6.215861
18.10972
6.240085
6.652915
2.387665
2.982267
2.3104
1.481308
2.665844
3.198213
6.337243
7.191054
3.807021
6.111687
3.036754
1.959834
1.931098
2.25551
3.270409
2.454199
3.23363
3.161211
3.741124
4.756847
6.189512
14.130863
5.451013
3.376925
1.759456
3.799718
5.563261
6.135946
7.131317
5.828683
6.837623
8.127739
11.097366
5.249498
4.973476
6.569669
11.70572
3.422331
5.546277
6.732751
5.081411
4.977302
4.534219
4.820377
5.061275
6.559215
5.606985
12.463627
5.415575
5.92656
4.547866
4.653374
5.153272
4.543089
4.264102
2.670006
0.251234
-99.732285
4.227771
7.3429
6.680398
4.89093
4.817109
4.708655
1.454231
3.512932
3.550318
3.509529
3.984882
3.672339
2.992058
3.50023
3.556442
4.525242
4.762497
5.357212
7.019496
9.342315
4.847808
4.261571
3.713343
3.593885
5.460603
4.414544
4.733392
5.133816
2.105681
4.002138
3.738723
2.716434
3.557546
3.285671
1.784437
2.874284
9.247432
6.489779
5.819061
16.300594
6.242294
5.849618
12.013532
8.266741
7.180429
5.811037
5.191262
6.616453
5.0544
5.1331
7.168912
8.970876
7.326258
7.036773
5.449038
4.73949
3.608033
2.381013
3.089949
3.695446
4.803876
4.719115
4.755024
4.756707
5.047111
4.68903
4.927436
4.912206
5.050036
4.846869
5.029385
4.936765
5.866422
4.855587
5.647579
5.831287
5.599509
6.663194
4.895894
4.751869
4.73178
5.088172
3.732543
4.69887
14.169408
5.644159
5.379911
5.29896
5.01707
6.455788
10.370668
3.686624
5.071323
5.513778
6.090294
-99.485336
-95.315735
1.025352
2.732075
3.468592
2.704226
1.218329
9.058957
4.905059
4.812621
5.433034
5.634995
5.747851
5.645444
1.536169
8.073702
8.138288
7.366243
7.314314
10.492093
7.371552
9.545846
7.610095
11.830465
7.52914
7.280396
5.746236
5.079282
5.062838
4.764266
5.227471
6.330686
6.491432
5.177319
5.120048
5.551689
14.124448
9.012874
7.710049
14.020856
6.848493
6.772082
5.642195
5.633254
4.910233
4.753013
4.835104
5.212201
4.9224
4.923521
4.744834
4.911945
4.878614
5.226174
5.117754
-3.47914
3.236568
3.269771
3.354913
0.872356
2.529531
3.696162
3.346033
-98.648605
2.859917
3.747618
-99.507866
3.479461
4.112
9.226806
5.143525
5.156178
5.221086
9.549685
6.931032
7.71417
4.776725
5.101937
5.372024
5.514589
6.727869
5.878434
5.282419
5.80412
4.758803
5.075263
4.964906
4.526635
4.609029
5.294518
3.670051
3.205096
5.562403
6.400999
7.694739
2.486367
3.515735
2.525148
5.904849
8.765535
6.290612
5.017719
4.827747
4.981697
5.573947
4.738732
4.707819
4.822336
5.143756
6.434554
6.156315
5.121738
5.081364
5.076927
5.224839
4.914991
4.830498
5.009651
4.915624
4.899945
5.045814
4.697847
4.782187
5.606764
6.436694
10.96159
5.544392
5.19064
5.061523
6.215529
5.341833
5.402811
6.787827
5.427718
4.736355
6.462038
6.201449
5.742618
5.899098
5.95398
5.28049
3.200629
3.832917
3.644902
3.226846
-6.049324
4.173727
4.127141
3.910911
3.871648
3.700316
4.270258
4.970254
4.817645
5.463248
-4.943564
2.924314
5.383619
4.775038
6.618508
5.785797
5.552176
4.72945
4.904519
5.363063
5.045599
5.042231
-5.951324
5.311685
5.346413
4.729486
4.44302
4.684556
5.719438
5.245226
4.84975
5.539854
5.058858
4.68044
5.933341
5.07359
3.864598
5.511956
5.838988
6.52121
4.734363
4.379249
4.498832
4.699205
4.083488
6.458442
6.194751
5.130097
6.595849
4.659725
1.049712
7.445796
2.353541
5.301695
5.117639
4.862531
5.053249
3.838077
6.15694
5.040226
4.912829
5.073721
3.990878
5.208082
4.977047
4.615502
4.923928
5.296921
4.847963
4.649965
5.754117
5.967659
5.282717
4.887654
4.560239
5.012875
8.68437
3.65161
2.130363
2.272967
-99.709915
1.203608
1.778883
0.163037
3.270271
3.492256
3.73779
-98.704605
2.935557
3.304756
4.470764
4.362393
4.800616
5.582798
8.110661
5.283142
4.869561
5.111092
4.670397
4.92721
5.335981
6.02932
6.072385
4.955239
5.602646
4.978975
5.012638
5.165942
4.775456
4.907504
4.696484
1.289296
6.299715
3.38706
6.98185
-3.238442
3.60556
2.87907
3.276549
3.508033
3.517756
3.151523
3.463052
1.831168
1.349935
2.757869
3.422334
3.559904
3.672032
3.512573
3.581026
5.262769
1.117551
4.216541
-98.00544
4.414924
4.598059
4.991156
9.109076
6.061493
5.544865
4.861609
5.397566
5.711388
5.402259
6.092761
14.4525
5.649564
4.844265
4.911461
5.67167
5.619888
8.058153
6.552459
7.459256
5.735866
4.848042
4.748031
4.719337
5.421803
5.786659
7.294489
6.693759
3.868288
3.010101
3.383659
7.93087
6.680083
8.85708
5.179915
4.661205
4.687186
6.00791
4.669662
4.539243
4.394211
3.928526
5.002353
4.809265
5.586737
14.902181
8.337053
4.432066
4.540139
4.805827
4.556626
4.797968
5.318913
6.344212
4.756157
4.780591
5.006807
4.759511
4.741123
6.66673
5.571334
5.85782
6.345319
4.947112
5.017701
5.435744
5.373096
4.786237
5.567753
8.191781
9.433436
10.895103
5.711157
6.21179
5.683537
5.278577
5.527104
6.115664
6.853749
8.389631
10.460897
5.965796
5.486435
4.612185
5.016051
5.745589
4.762249
5.390007
5.726616
6.119442
5.864691
5.700459
5.535269
5.129742
5.061973
5.633336
4.731944
4.852587
4.806814
5.3024
5.967365
5.284251
7.720667
5.177408
4.657491
7.572082
-6.118771
5.160357
5.133204
5.476919
1.503175
3.493155
3.394637
3.150673
3.603229
3.562272
2.978707
3.440125
3.208813
2.471523
-97.569923
4.526663
3.10658
3.077134
4.055056
7.248845
6.34049
5.723705
-98.530212
3.013354
-97.14502
5.854881
5.544331
5.010517
4.799166
5.214329
4.78295
4.933369
4.860751
4.92985
5.351394
5.37621
4.62086
5.524604
5.637707
5.576461
3.446369
5.174533
4.009459
4.420479
4.774786
4.751032
5.028653
4.647648
4.597482
4.813191
4.624324
4.704208
4.657258
4.993574
2.90906
4.775709
4.928674
4.975034
4.876657
4.918921
5.215037
6.212019
5.108791
3.979075
3.846643
-99.078102
3.283
3.920376
5.082939
5.004578
4.661373
5.043065
5.348559
4.011964
4.763583
4.606529
4.785824
4.448283
3.259852
0.033872
9.156514
5.101084
5.734478
5.65884
4.722288
3.963308
4.80449
4.542885
4.681196
4.64317
4.491251
4.78112
4.824164
4.562205
4.729958
4.653711
6.440703
2.772745
4.572296
4.897135
4.787991
4.848294
4.4811
5.554321
11.283579
5.842495
5.124278
5.035551
4.961161
4.845401
4.911135
4.776981
4.968091
5.092715
4.95554
-4.368089
6.298459
4.613407
5.802909
4.731358
5.028069
4.860692
5.020267
4.835382
4.691632
4.932715
4.715361
4.849662
4.941162
5.02038
5.365535
10.467517
7.178077
5.734949
5.211966
4.925513
5.006961
4.943162
5.716356
4.658281
5.260651
4.712959
6.426615
5.714357
5.133855
7.284313
5.697625
5.231399
4.968209
4.707386
5.011497
4.985602
5.067855
4.618838
6.667443
4.88217
4.986451
4.91747
4.824127
4.784136
4.65323
4.807673
5.288825
5.881048
5.023567
4.747348
5.499949
5.452469
5.16084
5.763924
5.235975
5.177173
5.574474
5.255134
5.321829
4.81057
5.051656
4.871422
4.837952
5.066489
5.067049
6.460791
5.550238
5.153596
4.95682
5.068966
4.889182
4.966054
5.035796
4.993667
4.951738
4.752003
6.139927
6.943194
5.916235
5.244575
5.201896
3.966568
3.634654
3.469916
2.31102
5.023334
4.949288
4.848404
4.971993
4.617889
3.747555
3.79084
3.417641
2.507136
13.767799
9.806215
8.387753
-5.448556
3.121026
4.042873
3.259809
3.14506
3.782691
3.841147
2.557018
4.015693
3.348713
-98.529671
3.984921
3.790627
3.46421
8.211296
3.385091
2.909118
2.558976
3.397939
3.145355
3.308019
3.167159
2.834887
3.847467
2.930544
3.337282
2.510014
3.519439
3.497509
3.126241
2.094189
3.90677
1.402796
4.670653
5.196591
5.79823
-5.006979
5.227673
0.211119
3.463193
3.66702
3.280923
3.660457
6.381803
4.861051
7.853125
4.053794
1.997741
5.909338
5.731683
6.501583
6.411363
5.009785
11.285246
6.768989
7.456888
6.846968
5.241589
5.021124
4.682802
4.949188
4.662683
4.973226
5.85645
4.962121
5.201211
4.956354
5.176915
4.894711
4.866979
4.97409
-99.518883
2.906143
4.156474
5.041834
4.95403
6.696242
5.707161
-6.011045
3.428421
3.930323
2.904653
2.916773
0.652498
4.105984
3.158784
4.068875
8.776658
9.626317
14.398695
5.334907
4.956421
4.127152
3.746825
3.258596
3.362334
2.538749
5.775903
7.917809
-4.902834
4.02348
3.468475
3.48514
3.410136
4.570561
6.43726
6.530174
7.892235
10.408022
8.187978
15.978115
5.317898
5.640247
5.05075
6.749812
5.252544
6.631078
4.806332
4.749598
5.226407
5.354061
5.55348
5.220209
6.483755
6.585433
7.284574
6.69556
5.261786
5.238453
3.787553
-98.358826
2.051285
4.061878
3.373283
1.527179
2.971205
0.89705
1.498177
3.522092
3.123728
3.934143
3.704114
4.001615
4.161452
3.569036
3.169732
2.939042
-99.486435
4.140414
3.99464
3.877664
3.613765
2.46862
-86.466209
3.821228
3.445536
3.671369
3.434077
3.743606
3.924698
4.11341
3.895586
3.573495
2.928481
3.439896
6.120816
4.469583
3.600445
1.195921
6.090057
4.182609
3.331096
3.316628
3.164393
6.741572
-3.089388
4.992368
4.935547
5.005816
5.211871
5.463877
5.83653
6.735565
4.934563
4.875712
-4.18602
4.752843
5.17898
4.875596
5.092109
5.320813
6.483299
3.484722
7.808886
0.785
0.247288
3.320602
3.720652
3.206508
3.255427
3.899891
3.153692
4.695979
4.818204
4.463221
3.161469
2.355785
-99.822968
1.950903
1.660607
2.356454
3.196321
3.136147
3.342062
3.485307
3.592672
2.041242
1.568357
1.439832
3.075513
2.730588
-6.180984
3.828294
3.53153
3.534669
3.716335
3.991168
15.066418
3.003442
3.463869
7.481338
2.898103
-97.215424
3.028035
2.822659
3.593955
3.973368
5.276797
2.402771
3.619246
3.719515
4.062737
15.742933
15.211905
8.09306
5.874568
8.336906
6.10317
6.31034
7.846511
6.205307
7.541813
7.539476
8.924661
8.75102
8.298654
6.617503
5.449175
6.325341
5.950663
6.394783
5.592126
6.353373
9.814215
6.155359
6.170883
6.764516
6.864295
2.932794
3.556864
4.700137
5.054777
4.701008
4.895761
4.718656
3.870048
5.156379
6.405933
5.675179
7.005156
4.69515
4.78881
5.893365
4.469685
4.62016
4.775537
4.575839
4.481034
4.81563
4.600004
4.791738
5.210973
6.556511
5.642782
5.420025
4.909982
4.969248
5.047452
5.01945
4.693456
3.26747
-99.209366
5.155029
4.710513
4.957754
4.768497
5.725985
6.867329
12.125502
6.788068
5.828205
5.417857
4.781684
3.544605
3.486381
3.458101
3.675041
3.125421
3.865549
3.17533
3.860649
3.638196
3.6089
3.074567
2.719765
2.04434
2.571145
3.883815
4.111102
3.730292
2.311242
4.983219
6.440468
7.050247
7.743628
6.396835
4.810893
4.620989
-6.090856
4.535289
6.47355
5.833895
4.740068
1.924888
6.191862
7.300253
7.488795
6.511632
6.659523
6.393818
6.855558
8.452365
8.571732
7.420224
6.929451
8.455878
8.316323
5.507084
5.6704
3.856705
4.606295
2.78106
3.909416
0.732868
5.038054
6.094473
5.493076
6.432235
7.281616
4.581266
5.387043
5.853538
3.922522
-6.03934
5.92844
5.506681
7.187018
5.858796
4.029573
3.859203
3.79133
2.882611
3.157056
2.048834
-98.93132
2.223272
6.701094
5.630333
5.77348
5.399702
5.737978
6.519688
7.754221
6.972771
5.285633
5.449978
5.199681
5.131245
4.989754
6.538417
11.852065
7.034721
8.465857
7.6743
6.074861
13.223722
4.936548
-5.561938
1.018896
9.403826
5.877108
5.907158
5.185338
5.650344
5.837803
5.462099
5.297806
5.399662
5.499096
7.170802
4.990642
4.942062
4.91171
5.162281
5.48454
5.634395
6.235547
8.28826
5.771224
10.719406
15.137265
11.950872
7.238665
11.840946
11.197675
5.002558
5.23951
5.627294
6.904873
7.652525
5.589442
4.673624
4.530813
4.853633
4.672014
4.938513
4.600294
4.77183
4.600906
4.726724
4.600297
4.595733
4.395213
4.514741
4.59585
3.069011
5.96404
6.378008
5.48973
5.619218
5.103016
5.003857
6.946467
1.998017
4.926785
4.902103
4.693788
5.074158
5.425405
4.779354
4.933873
4.735738
5.155273
8.098321
4.745244
4.711098
4.686663
4.650881
4.890052
4.741201
4.994269
4.875445
5.0087
4.833421
4.974088
4.93889
4.129556
3.465847
3.376715
2.523808
2.439988
3.131108
-99.76152
8.280213
4.725621
4.780697
6.636163
6.933542
4.373432
7.456519
5.819109
5.692614
5.077345
5.168632
5.134938
4.815808
5.170164
4.812326
4.905228
5.183364
5.730195
4.889426
5.12151
5.732143
5.001209
5.02969
5.445333
5.098016
3.187568
0.568988
3.097262
0.885076
3.610633
3.238437
3.251629
3.136731
3.183569
-97.241653
3.277225
3.694789
4.023462
1.91841
3.956535
5.529211
4.692679
4.921515
4.948872
4.791351
4.818389
4.768579
4.617768
4.856072
4.77158
5.099578
4.586036
4.523927
4.958516
4.976271
7.012409
5.547448
11.389895
11.846758
13.918615
5.341906
8.063775
6.726435
6.711834
6.043082
4.798837
3.640349
1.464144
2.982745
3.193306
3.431034
3.127574
3.635014
3.511292
2.056013
3.153971
-92.3526
3.513117
4.750371
4.89558
4.354243
7.662004
8.454808
7.17974
6.400101
6.619047
2.503469
7.901958
5.736635
4.892261
5.552636
4.761955
4.555285
4.085518
5.924758
4.884501
4.905467
7.342149
6.488853
5.263536
4.909943
6.050529
5.27948
4.906211
5.369933
4.159324
6.131319
4.234456
2.169341
3.191012
2.606663
3.235477
3.393729
2.393129
3.101476
1.858195
-99.354637
2.703335
2.503898
1.445801
1.426303
2.976577
4.723958
4.479967
5.053989
5.773249
7.364845
4.521782
5.430736
4.907445
5.636395
4.76661
4.724809
5.151286
5.399619
5.7977
6.038711
4.922129
4.883972
6.985898
5.177094
4.855356
4.898702
5.189449
4.756418
5.014618
6.006572
6.655626
5.724438
6.110644
7.044649
6.486498
5.86785
5.21864
6.175007
6.569574
5.810174
6.073164
8.108528
5.810146
5.4954
5.667979
6.393779
8.724723
5.648784
3.258967
5.471337
4.866535
4.925496
5.076536
6.569171
5.465979
2.975246
2.552253
2.037923
3.092834
3.307965
3.302796
3.943447
3.44397
4.13313
5.019178
7.443873
6.613668
7.587161
4.993937
-6.167288
5.56308
5.220022
4.659498
4.902067
4.803901
5.290499
4.702023
4.98996
4.430551
4.763189
5.185535
5.066587
6.029181
5.834086
4.88491
4.895699
4.96505
5.27797
4.580966
5.380741
4.861405
6.533374
4.723021
5.114653
5.021846
-4.769251
5.167708
4.530725
7.412935
7.278931
5.998048
5.351182
4.887199
4.852553
4.777778
4.800126
4.567875
4.526632
5.20724
4.577822
4.932096
4.78825
-5.928071
6.716284
4.722888
3.288198
3.386174
2.260938
1.791504
-97.877365
3.166962
5.158102
5.301702
6.676545
9.143157
8.707258
6.911945
6.138535
6.038623
6.976945
6.110602
7.47406
3.697516
3.20254
2.585455
-96.432541
3.357403
2.99137
1.693228
2.893013
2.266525
3.054854
2.831775
2.885193
2.52494
3.300078
6.377061
4.763311
4.245919
3.563333
6.603247
0.656325
-96.730576
6.430031
7.431551
5.703355
7.114329
5.197638
4.912773
5.013238
3.001379
3.178874
2.273325
2.368865
2.099091
3.51298
3.455939
2.88171
3.088096
2.219321
7.666198
4.958788
5.289872
15.377129
5.36692
5.353015
5.259243
6.170051
3.983459
6.559325
5.777787
4.307155
4.809466
4.603791
4.754402
6.070375
11.32643
3.999091
3.701007
0.794414
-98.395927
2.748523
3.209947
3.798862
5.27834
9.101973
5.014532
4.948892
4.795263
4.040074
3.716324
5.146902
4.845176
4.753456
4.907218
4.917483
5.121233
5.503173
4.815684
4.850873
6.231942
4.919298
4.990955
5.127926
5.16808
5.275298
5.030056
7.375677
8.502067
5.63312
5.579277
6.873364
7.181758
6.956179
5.533329
5.708335
6.737698
5.714881
5.512791
6.403617
6.870554
5.674438
5.076358
4.936393
4.891276
4.788684
5.123673
4.958014
5.069116
4.883464
1.202374
3.70267
7.632493
17.301733
6.029627
5.03364
5.033709
4.886703
5.42097
7.137401
7.104706
6.826439
4.845334
2.129835
5.181301
4.761146
5.312746
5.504882
5.194812
5.849356
5.591052
9.039102
5.64145
6.55002
7.131805
19.949629
8.842384
17.57979
5.613534
4.750971
4.85255
4.919239
4.899248
4.834489
4.758163
4.717524
3.554151
3.874987
3.992967
3.378336
3.547858
2.655632
3.665609
3.331827
3.283461
3.321248
3.267415
3.038913
3.229297
3.725508
3.728153
3.401513
3.159066
5.128313
6.794416
3.486286
3.711176
3.884069
4.117895
2.658478
3.389848
3.689717
3.663301
3.855616
3.214065
2.68708
1.483354
3.599303
4.127202
-99.13723
3.526885
2.882107
2.94523
2.979951
3.721252
4.0677
5.550893
4.738941
5.479664
5.01823
5.199177
4.666873
5.017407
5.552828
4.910402
4.67111
6.66804
4.909986
5.061602
4.861168
5.890056
6.539
6.171784
5.450016
5.131228
5.006514
5.786011
5.614957
5.451403
5.493541
6.698164
4.255282
6.222816
5.518056
5.095978
4.980186
4.975614
4.607152
5.378785
5.142477
5.016175
5.001048
6.61208
6.421422
9.894292
4.794509
5.034708
4.875819
5.307733
5.138051
4.988631
5.76527
6.148434
5.151276
5.65
5.57308
5.958939
7.829691
6.471053
7.874996
8.330947
12.214287
8.502586
7.782863
5.981184
5.032017
4.85043
5.249923
5.178333
5.128655
5.351595
4.727356
5.536727
3.64657
3.704013
3.723487
5.095959
4.128507
3.317805
3.787559
3.703809
3.747265
3.233622
2.137975
5.893993
5.305026
6.669629
7.921231
7.368343
5.656029
4.420722
2.83245
3.316935
3.443528
10.15374
9.954607
6.983698
3.287147
3.469223
3.658406
3.5884
3.227217
3.010613
2.811205
2.439234
3.650287
3.392142
2.791249
0.948759
2.025948
3.326613
2.467487
2.258496
2.308814
3.705859
4.126238
9.315708
7.241197
13.906096
7.837513
11.187219
8.743161
15.44965
10.186344
9.173229
9.369562
9.199404
3.823863
2.2685
2.405278
1.872771
2.89399
2.894635
3.212439
1.10677
0.266618
3.265927
3.092139
7.581057
-5.736418
2.450366
2.493022
3.51966
3.428434
2.129385
3.138334
2.757546
2.878221
2.975908
5.806724
6.838351
8.508098
6.994752
5.20129
5.035843
4.716781
4.804117
4.988656
4.782145
5.014428
5.213547
4.558442
4.611513
4.883118
4.830042
4.72445
4.708808
5.791101
5.4781
4.908064
4.867875
5.135302
4.550929
5.258856
5.083247
5.225162
4.654889
5.263898
2.177622
-5.152114
5.179328
4.607985
3.206452
0.314636
4.033027
3.694299
-96.704025
2.996948
2.404697
3.312042
2.633592
-98.113235
-96.470764
3.423255
3.275935
3.41486
-97.689651
2.372681
-98.29715
2.873073
2.095312
3.352033
2.934336
-98.913261
7.326937
7.233439
3.318818
2.256199
-96.628815
3.096006
4.645357
2.908026
4.042377
3.327396
3.059632
3.908978
4.553051
4.299977
3.309983
2.392457
3.821355
3.697066
2.92544
4.505186
3.404147
3.268513
3.482383
3.332065
3.190175
3.141546
2.621901
3.569445
3.403077
3.046279
-96.194069
3.211093
4.071992
3.649826
-99.117744
1.716524
3.153785
3.26134
3.688155
4.803724
2.35747
2.818576
-95.742989
2.346833
2.228985
3.111001
1.175303
3.207332
-98.674126
5.615277
2.335314
3.575537
3.489774
2.771462
3.205082
1.153796
3.393648
3.810636
3.408252
3.711895
5.691146
5.798392
5.320806
7.394331
5.858957
5.251642
4.56987
5.608039
6.118106
7.762084
8.462384
5.847008
5.696332
5.477715
5.822114
4.874895
6.518154
7.472058
8.442721
3.388998
3.309145
1.891024
2.809042
5.893362
4.186678
6.49927
6.081536
5.852385
-4.604223
3.365604
2.948293
3.34809
3.159313
3.237417
3.460745
3.455225
3.133027
5.901632
6.19004
5.220781
5.002188
4.871331
4.844303
5.01457
4.797379
4.917366
4.841038
4.749869
4.909942
5.722125
5.03183
4.880119
4.848155
4.668832
4.969729
4.832551
4.650924
4.069492
4.003819
0.543003
2.862836
2.09455
3.134555
3.152106
2.77275
0.021958
3.415903
3.267374
3.603663
3.454011
3.48686
3.249207
3.540523
3.447871
2.039674
2.760736
2.864867
4.306213
3.771586
3.381523
3.583236
3.355374
3.69219
3.771243
3.701784
3.615308
2.883779
2.619574
3.321996
3.333589
3.485166
1.956486
4.813375
3.855297
3.885069
3.917909
3.518126
1.330161
4.915989
4.837715
5.419228
5.120683
5.812409
6.944068
3.828192
1.45398
3.479174
3.40066
3.272263
4.331426
3.8747
2.326578
2.049624
5.061411
5.848075
6.694778
6.237216
5.956383
9.06068
6.906493
7.182641
8.489098
10.361191
8.65234
6.979864
7.242145
6.71791
4.875651
5.725448
5.594492
4.84458
-97.82431
5.355268
5.426276
5.144657
3.841089
3.727529
-97.620987
3.734715
0.442958
-99.004669
4.814592
4.743176
3.975823
4.673042
5.671305
4.915864
4.784925
4.850527
4.627393
4.825166
4.951375
4.866183
4.887324
4.85254
5.008504
4.617947
4.858724
4.742021
4.778914
4.951761
4.768279
4.87033
4.753594
4.8689
4.770829
4.782615
4.71504
4.972863
4.837688
4.746858
4.594388
4.527525
-11.682909
4.847884
4.918753
4.807202
5.415432
5.150807
4.753205
5.135453
5.706017
4.737434
4.973673
4.969439
4.999895
4.632375
4.332136
4.052423
4.487421
4.644155
4.788782
4.665093
5.562789
9.42265
8.791677
9.731804
5.952703
5.613713
9.482432
3.069567
3.828114
2.826768
3.323454
3.445644
4.77211
4.795651
4.936073
5.230233
4.657861
4.694014
5.116618
4.900412
4.907599
6.449193
7.586026
5.461245
4.751333
4.706734
5.476069
4.841954
4.730105
4.693441
4.904628
5.74165
4.549404
5.253819
5.125165
5.285663
5.490644
4.647848
4.572869
4.938953
4.769861
4.867833
6.661498
-6.168278
4.994042
4.587099
4.496484
4.756869
4.726325
4.576304
4.546531
4.596493
5.044072
5.317263
5.211906
5.048388
5.461354
4.58685
5.04882
5.604489
4.899934
6.314098
5.906003
5.348225
5.236556
5.468989
4.879603
5.725255
10.17703
5.216705
5.318798
4.886587
4.831965
5.371144
6.804241
7.444371
28.309883
9.602664
6.637718
5.216827
5.243385
5.863223
6.120825
5.867949
5.355339
5.417918
4.920356
4.809342
4.791417
5.257144
5.093078
5.133488
4.811175
4.644214
2.431632
7.013102
6.188377
5.630148
6.368776
4.944958
5.070518
4.902978
7.140052
13.467003
19.694431
4.295036
6.102853
8.366796
6.058254
4.776631
5.300548
5.111039
0.673721
3.080524
2.709701
2.678119
4.74729
5.097734
7.675733
7.602098
2.32553
3.764323
-98.107529
4.815914
4.666617
5.082455
4.817597
5.234352
5.83526
4.785176
5.356417
4.701198
4.669378
4.663208
5.347366
7.502185
5.126615
5.104902
3.972249
4.651726
4.571295
4.817213
6.094861
9.011989
6.046534
11.762675
8.729601
4.339976
2.742873
-98.028442
5.17558
5.976897
6.848693
6.193445
6.792682
5.965447
2.964386
3.165866
5.128974
4.91147
4.952288
4.926332
5.067869
4.572074
4.708616
4.765341
4.859195
4.739306
4.785079
4.608626
4.891579
4.834006
4.78833
4.570314
5.022018
4.898281
4.749727
4.40223
5.178072
4.693892
5.88201
6.189425
-5.981977
5.549696
8.662763
6.327872
4.91652
5.188998
6.167014
5.763045
8.059273
3.751299
4.187735
3.538562
4.118828
3.690254
3.24579
3.404568
2.907875
3.116541
3.14748
5.522993
4.909037
4.862298
4.975695
6.89047
10.19478
9.982163
6.511384
6.966728
10.726549
16.664267
6.409344
5.863293
5.24736
6.839491
6.064372
4.829312
5.01569
4.933834
5.105317
4.916206
4.74799
5.00174
7.373844
5.934942
5.663075
11.314461
8.366594
5.394597
5.101437
4.948061
4.778951
3.920382
4.396654
4.519209
2.071616
2.70677
1.399
1.491029
-98.828468
6.874764
4.926633
4.931493
4.833627
5.073626
4.740873
4.797483
4.457594
3.730389
2.222077
3.715357
1.439895
-99.295212
-99.756538
5.223682
6.754823
9.956768
9.513818
5.479705
4.796406
4.889834
5.209739
4.692273
5.018755
4.903657
6.15689
6.829472
8.820831
6.752718
6.072479
2.206779
7.522075
5.613419
5.717827
5.065665
4.746351
5.677785
5.563797
5.070104
4.775761
4.618988
5.388685
7.214912
10.446434
6.900342
6.644978
9.555521
9.283779
3.910989
4.90209
2.037259
4.915715
4.672938
4.9364
4.863795
4.840033
5.089201
4.876158
4.875249
6.007833
8.309505
5.07462
4.91585
4.740584
4.670598
4.651204
5.188369
6.837896
6.437995
6.523636
-4.651339
3.447563
2.777394
6.915042
8.184958
6.901414
5.503628
5.914312
4.92933
4.901002
4.726016
6.141066
7.577681
6.368562
4.787981
4.705212
4.958493
6.562893
7.131333
4.930733
4.748239
4.463405
4.746232
4.334291
4.353127
3.125504
3.441364
3.329931
0.593139
2.832401
4.681547
16.264364
5.013853
4.881559
5.514185
5.200233
4.629001
4.838359
4.540469
4.656318
5.862445
4.667474
4.717295
4.526707
4.744238
4.883685
4.817595
5.100223
5.413618
5.098364
4.833721
5.109334
4.936592
6.237261
7.976359
5.505807
4.770055
4.929586
4.895679
5.126988
6.029451
7.600024
11.181746
4.545424
1.739512
3.366877
2.455189
5.590287
5.220482
5.730187
5.545248
5.075182
5.142903
4.813126
4.905672
4.924619
4.927783
5.171484
13.177723
-6.118715
4.670465
11.832793
8.202178
9.544155
6.750022
7.022254
7.22645
11.995918
12.211989
6.168025
8.437473
5.096273
5.569926
4.950025
6.314811
5.583179
5.843786
5.516928
6.173819
6.409525
6.629499
13.959858
8.147224
5.282018
4.551976
4.796144
4.632847
4.064235
4.741063
5.340648
4.547673
4.788069
4.740207
4.902653
4.989736
5.201819
5.187204
4.581968
5.090757
4.14773
6.70301
12.153107
6.605086
5.640196
5.734278
5.408689
6.444713
6.921495
4.629566
9.397446
-5.61245
4.202521
3.965048
3.436469
2.962568
0.675309
-98.437775
4.922167
4.804304
5.641369
4.816945
3.750377
3.25013
2.847037
3.671384
3.813622
3.205791
-99.120789
2.825186
3.587549
6.576998
10.92522
5.381226
4.890109
4.54632
3.82905
1.543615
2.456949
-98.585289
4.65947
5.697318
7.441308
6.820332
8.12966
15.601892
5.630389
4.923055
4.525231
-98.620338
6.024931
7.769899
6.925904
4.234349
3.966108
3.591975
3.261466
2.816865
2.585075
3.356842
3.461188
3.229595
3.627528
3.169963
2.466665
3.958042
6.056649
5.421393
4.833004
4.02594
4.793021
4.757603
5.237605
7.762672
5.59567
4.839784
4.62718
3.273913
12.965663
5.239497
11.009616
5.880511
5.318562
4.86455
5.11846
4.866951
4.742814
4.753414
4.549973
5.776953
6.52739
6.008371
6.06738
4.909804
4.935029
4.651484
-5.183418
6.499394
4.454326
3.23788
3.672895
4.380898
4.792538
5.105552
2.569922
0.613059
5.805541
5.640312
5.585027
5.232743
4.790763
4.903666
4.768428
4.858643
5.110114
4.745333
5.197655
4.712574
4.878212
4.896551
5.692013
5.723848
5.017691
4.973049
4.85584
4.879898
4.852008
4.959863
4.879415
4.879828
4.87407
4.933199
4.83927
5.040773
4.837485
5.40323
6.121094
6.373361
5.451526
3.995774
3.370935
3.502033
3.559586
2.886484
5.917544
3.334553
1.401362
2.728539
2.421979
3.404194
2.769384
3.762371
2.560591
2.43557
0.779605
3.109184
-99.319504
3.626112
3.55057
2.790854
3.276793
0.588289
6.823499
5.571472
4.723409
4.897258
4.746943
5.183159
4.726144
6.658187
5.897501
7.172614
8.386342
7.038137
5.890722
10.315815
7.068014
5.297653
6.709464
4.9965
5.017433
4.994874
5.24262
5.149628
5.663796
4.825733
0.705487
3.322248
4.487605
3.254976
3.095819
2.156813
3.116331
2.10596
3.758532
3.395213
3.07536
3.091928
7.18681
6.860831
6.794578
-98.598785
2.636038
2.5632
1.01235
2.319188
7.397163
3.427877
3.17257
2.137388
3.364497
3.221124
3.33944
1.674882
1.514113
9.538547
3.222749
5.799406
6.167483
7.54094
6.311682
4.460691
-99.523766
2.781505
3.236147
3.38871
3.218748
2.777825
3.279732
3.136741
2.027252
3.311028
3.247455
2.42838
3.129344
3.250264
2.665411
5.403248
4.593466
-3.574066
5.833712
-98.984894
-99.677109
2.418509
3.103777
3.146135
10.372799
15.657644
3.219421
-99.689362
-97.546883
1.615109
2.849299
4.340806
4.588939
4.12875
1.446592
3.025285
3.341767
2.696491
3.26439
4.402875
7.558835
3.43024
15.141506
3.179903
2.678723
1.290656
2.610581
5.099848
8.77749
-4.612323
1.576267
0.773211
2.261271
2.869623
2.982862
3.358693
1.151297
3.251055
1.173641
-99.683395
3.231322
3.273949
-98.566299
3.242732
3.865928
7.459054
2.827161
3.171417
11.994162
4.024747
2.942963
3.756748
6.436243
5.812436
10.9036
9.318727
15.507399
3.375288
5.179695
9.70606
7.284688
0.828098
3.15969
5.018508
2.975483
1.396223
-99.015625
3.418191
1.206444
3.119525
3.161886
6.925674
8.664012
13.677211
6.753915
8.614651
9.780985
8.458006
15.461884
3.073462
5.902987
5.6764
6.938144
11.119845
1.442449
2.638774
1.472597
2.495068
2.468289
-98.838135
3.286357
3.197209
3.050721
2.628918
3.351548
3.243354
0.523611
1.218557
6.752858
1.871374
0.466243
3.255899
2.424833
6.862954
7.473471
2.721173
2.273613
2.835396
2.543629
3.1998
2.938679
3.126839
3.049184
-4.137769
3.29505
-98.980759
3.005786
3.130025
3.223042
1.996194
7.15373
6.216686
5.820776
5.674771
2.981166
6.729455
3.083548
3.052307
3.272391
2.970304
2.046776
4.748626
3.091112
2.982007
0.895695
-4.294641
8.023366
7.364197
2.167538
1.899862
0.851023
2.703178
6.16275
4.393915
1.561468
0.092717
5.757756
5.742648
6.714657
6.514773
9.254478
3.073387
9.769474
6.409242
5.822809
6.41263
5.636322
6.393164
5.67566
6.454004
5.985152
-4.934957
5.766948
6.217504
10.292672
6.155847
3.503073
3.034079
2.280205
2.316215
6.106358
5.800003
3.237729
0.907057
5.926489
6.065135
3.206294
0.485315
1.760071
1.236359
2.977376
3.228178
-97.012527
4.135877
11.245279
10.984891
10.058719
7.660399
0.963987
9.986331
6.023078
1.666678
5.55962
5.997454
-3.911571
3.682466
-97.622101
2.131633
2.809118
2.756826
5.607397
1.951654
2.997487
-98.935081
3.33776
-5.582865
5.781489
5.586659
5.576427
5.752631
3.097172
3.155258
3.167266
3.233361
1.923435
-98.0625
13.79459
7.02072
5.684747
3.036012
2.091685
2.889707
-95.791092
3.547355
3.019773
-99.943245
0.88817
14.113814
2.977071
2.886446
9.193876
7.508233
9.932915
7.859902
6.533422
5.607505
6.005402
5.941574
6.111574
5.43094
6.658746
3.122409
7.330688
6.887969
7.999852
4.582353
5.643557
5.669623
5.891863
6.351947
6.166477
7.389009
5.641718
3.143273
3.785127
2.767851
2.255508
2.299924
3.229042
-97.820801
5.72424
5.607709
1.927293
10.57486
3.15579
