6.335297
5.893548
5.620262
10.245089
5.537258
7.576176
6.014515
4.756858
6.47155
6.062006
5.03715
8.803169
8.789975
6.545403
-6.194359
6.515886
5.897729
9.022799
6.095669
6.375925
6.335585
5.542889
5.653317
9.399768
6.12635
6.77185
8.284447
8.683946
12.462394
-0.377583
8.705932
11.429482
17.186045
8.298464
17.582687
6.530471
7.35614
5.805991
5.575239
6.024656
15.349669
7.241419
6.467714
6.925628
6.585102
7.003297
22.815666
5.850704
5.822683
5.80025
6.234167
7.126779
10.334365
8.17862
6.668742
11.131824
5.592764
10.138625
11.06517
7.976537
7.125499
4.869036
8.841846
7.111924
5.973599
11.925763
5.912846
9.011161
5.887141
6.141647
5.884373
13.352242
5.183758
6.01428
6.06929
6.512682
5.624206
5.798912
13.604027
6.903091
5.886792
5.941694
5.734105
5.598224
5.695945
4.253272
7.087236
6.688472
9.313513
6.064744
6.883553
12.52301
5.563506
6.957056
6.439117
6.84636
7.848659
6.634974
5.14621
7.495617
6.656527
3.333272
11.54039
16.094501
7.072339
6.549598
6.626882
6.249475
5.949692
5.640736
5.898385
7.153888
9.104045
5.937466
9.105885
5.902039
6.684371
6.167154
5.74321
11.522651
6.75855
8.722547
4.870657
6.707
6.317194
5.960914
5.877285
7.996983
5.707834
5.702464
7.644897
5.52686
4.889326
5.838126
10.155123
12.080024
10.351369
8.37344
15.408885
6.23251
6.723098
6.324467
7.156284
6.920544
5.96707
6.421161
7.912429
6.476328
13.881372
8.414563
15.078461
6.474072
6.022902
13.290853
6.1555
6.59135
7.991189
5.695162
9.16441
5.962012
6.476295
7.642928
7.438733
5.954059
5.696304
6.148334
6.662709
9.801406
5.482908
-6.142191
6.335512
6.149232
8.944606
9.089748
5.818005
6.051267
5.789089
6.156847
9.928568
9.275054
6.550673
6.234594
5.687724
5.904111
5.733828
6.179044
5.977078
5.597579
5.707323
5.74615
5.236998
5.741303
5.998976
7.61911
6.425759
5.776515
6.413001
7.13395
9.689746
6.388503
5.640614
4.415093
5.759412
5.774923
5.775954
5.982986
6.37461
8.530028
6.048272
6.454653
6.132948
10.074271
6.370282
7.360848
5.574251
5.906727
6.595287
13.910661
15.100088
14.574731
12.252398
5.209534
13.866257
5.179944
5.962768
6.530247
6.010957
8.057947
6.123658
6.50603
3.022711
15.275175
6.649984
6.178062
5.547085
7.823596
5.912048
11.634768
7.86675
6.368648
6.346752
6.124743
6.101545
5.706494
7.341272
7.123973
5.93302
-6.003522
5.944014
5.278977
7.966631
5.648015
7.068794
6.892606
7.396663
6.21461
6.58874
6.940152
6.546979
6.450513
6.315361
6.40226
5.778789
5.961608
6.128335
3.29731
5.656867
5.853419
6.097107
8.982891
14.646462
11.299217
5.961473
6.98943
6.666059
6.732739
8.528862
6.687184
5.333777
6.387594
5.813982
8.168945
8.262424
13.51264
6.322556
13.658815
6.761017
6.742153
8.44115
9.419921
6.200909
6.242543
4.662481
5.620181
5.395771
6.152148
7.017273
13.546648
8.991811
10.532513
17.95936
14.351493
5.78576
8.819986
8.381928
5.87488
8.556801
5.281301
8.461729
7.081
5.677946
5.64729
6.387085
5.639029
5.40394
6.339811
5.711282
6.140489
11.491653
6.874299
5.049187
6.402555
9.56708
6.040768
7.757304
10.873117
5.722189
12.197089
7.60274
7.461471
5.887309
6.063174
11.200562
14.896315
5.911746
13.018353
16.694551
4.118216
6.870495
6.351878
5.617814
6.059978
5.685987
6.469806
9.949553
14.615376
5.716076
5.788302
7.368348
9.229686
6.417704
6.176094
3.875016
6.668747
6.085375
7.372169
6.332072
5.619158
7.149379
3.198063
5.850197
14.788983
7.105394
9.947247
5.680137
5.452269
5.691609
6.369472
11.107685
8.175692
14.987044
9.828812
6.529889
6.430431
11.830934
11.077121
13.481998
7.923321
5.810361
5.727423
7.246174
14.392484
7.910403
6.983611
5.736861
6.725608
5.735154
8.106855
7.161992
6.191478
5.725727
7.427441
5.845657
5.767017
5.879197
8.169921
6.236934
5.850782
6.234813
5.648252
5.766945
6.089265
6.208877
7.246887
6.211742
6.144712
6.812804
5.620361
5.807218
5.746227
5.936732
6.106753
9.368008
5.793922
7.188776
5.916881
6.205566
5.920214
2.379243
5.335129
6.839194
2.817414
13.016958
8.805077
8.693174
14.228197
6.36926
11.039424
9.642744
9.676588
9.598173
8.092629
5.94795
6.795619
18.954466
4.996276
5.878711
5.905259
6.1375
6.881524
11.979527
7.470185
11.860851
7.24921
7.262612
8.732726
5.699642
11.213432
5.92482
9.385251
10.616491
5.366282
6.048866
5.788705
8.871799
10.54395
15.487556
5.983079
6.349626
4.000186
15.301222
-6.187069
6.196315
6.325116
5.691491
5.593747
5.718896
6.050913
5.765399
5.654407
7.070131
5.689386
6.784865
5.820885
5.586959
5.587914
6.41117
12.71757
6.31196
7.606452
6.838054
8.632049
5.754512
5.739401
5.967745
6.16994
6.860566
5.792878
5.31746
7.034367
7.592386
8.543849
6.413415
6.823906
7.922016
5.918208
6.004929
5.882657
6.524701
9.695901
5.875094
10.87801
8.00967
5.878233
5.663208
5.516562
4.247715
8.996576
7.947632
6.129536
6.059892
6.827204
7.080114
6.701208
7.249336
7.342902
6.420598
5.781735
6.068122
7.662706
6.108302
6.850826
6.021426
8.673294
14.572377
5.507779
-5.595767
5.803456
6.12348
6.973115
9.359975
5.634198
5.405915
7.299043
8.913409
8.66639
6.508897
5.658753
6.10893
6.20013
6.218722
15.307438
6.914766
6.456142
10.224725
7.316202
5.088839
19.19276
6.088828
6.698643
6.447027
11.019613
11.985554
5.790057
13.424071
5.945206
5.909007
8.04583
5.157332
5.779079
6.589617
5.821173
-6.030047
15.864937
11.166333
6.464616
5.012768
5.657084
4.49716
5.596738
8.278156
12.641828
7.386511
13.411222
6.076386
8.690314
8.181874
7.711409
12.884349
5.974277
6.154902
5.512391
6.211355
8.188498
6.055526
6.141127
13.219616
7.105517
6.143717
7.195152
9.667636
6.741872
6.516441
6.551793
5.99375
6.392903
3.769646
6.213073
5.890195
8.323637
10.100562
6.014777
6.593956
5.926797
5.93284
5.872588
5.755162
5.703965
5.81948
7.175564
6.084071
7.239258
5.959136
6.394924
6.395517
5.825029
5.961988
6.051579
5.874643
5.921066
6.394706
6.967133
5.706561
6.213134
4.711861
3.819592
9.317327
6.997473
7.866151
5.826185
5.661407
3.080064
8.16212
8.291632
6.065032
6.711861
6.333629
6.441891
9.174079
7.212968
9.160249
5.972258
16.29858
-6.1799
6.532383
6.227769
6.42163
6.779474
8.266115
6.886024
6.105427
8.711708
6.080127
5.719957
17.767054
12.244396
6.66712
6.008348
5.003757
7.585765
-99.776825
17.675438
7.291389
9.689201
5.778465
11.071188
11.380239
14.737741
6.503973
5.727262
7.61385
8.777091
9.002877
6.473829
5.82794
8.103057
10.119742
9.244236
4.917348
5.536189
5.689366
5.863876
6.97664
8.380607
5.934496
5.595508
5.728156
6.038698
-5.659785
5.600744
6.665297
5.74031
5.777392
6.434141
7.13692
5.961599
6.088718
5.887194
5.882905
10.28999
11.125775
5.715074
6.034722
6.618675
7.12818
5.982817
12.330862
7.17872
6.046804
7.864188
7.817049
8.732762
5.820118
7.817262
6.063821
5.953307
6.685677
7.974114
5.980138
13.501964
8.769884
-99.953522
5.839477
6.820304
5.705137
5.919399
10.790435
7.676062
4.073721
7.029644
6.443446
4.305321
5.855157
5.597908
6.700367
10.477341
6.132203
7.369933
8.153506
6.610086
16.277672
6.381872
7.623619
6.011793
6.437702
5.800655
7.490062
9.255665
6.66847
6.193325
8.103624
10.350252
5.931823
6.647701
6.743998
5.848759
6.626068
6.690757
6.807196
-5.81846
6.667309
5.823106
6.204482
5.598958
11.282403
5.945272
5.85804
5.913174
6.239177
7.000821
5.95819
4.740955
5.940765
7.025864
5.603462
5.970983
6.190897
5.613266
6.373647
5.784947
6.776703
7.7739
7.299029
5.3866
8.600779
15.322575
6.090836
7.023815
13.472685
5.619876
6.114442
6.933692
6.487926
11.006221
9.513861
11.500882
9.674606
5.848347
6.039589
7.145066
5.954695
6.18655
5.526594
6.559262
4.744476
4.433806
6.591807
10.185365
5.978885
6.345294
5.856777
5.689302
8.322088
6.082458
5.846209
9.923328
11.776034
5.791272
5.974028
6.87621
5.348978
6.087415
6.147874
6.217069
6.525879
5.723445
10.013069
9.077359
5.858607
6.498998
12.216093
5.843827
5.904219
6.79809
13.203747
6.012283
5.936304
-6.169156
6.891768
10.532397
6.853003
6.43404
6.388474
7.10115
6.118102
-6.182432
7.416579
6.573975
10.140314
6.481898
6.318705
8.504667
7.207475
5.933656
6.142875
7.424329
10.121672
4.542483
6.34668
5.062849
6.051869
5.721684
6.718178
6.176841
6.529662
5.930692
9.540673
6.946207
7.573534
5.06207
7.775454
10.08561
4.778023
6.741063
7.554934
8.429171
5.885233
5.976183
9.917128
6.657735
6.37201
10.89002
2.828561
2.221644
6.376276
15.562305
8.394624
12.822384
7.015956
6.518028
7.631675
9.588618
7.037159
5.589971
5.642329
5.865938
12.811885
8.534212
5.63395
6.500374
6.062016
15.494405
9.895886
7.345574
7.005978
7.413345
-12.215826
9.790256
13.982432
5.264669
7.780408
5.389788
5.717237
5.659064
6.739853
5.85758
5.221822
5.848381
6.02147
9.274769
8.957373
12.135715
7.816807
16.563515
14.469596
6.134272
7.943647
6.573248
10.59478
17.0818
6.015054
7.19401
7.704156
6.460693
22.064322
5.953023
9.78221
9.372934
8.334512
6.016824
7.920537
5.986824
7.369427
8.977209
7.511315
6.095987
6.900899
6.188745
5.89992
6.38659
6.334239
7.344346
5.802071
6.623151
6.230042
6.764823
5.713802
-97.650002
6.383123
5.130666
7.098717
5.885241
8.543282
7.08814
8.607715
5.833812
5.840857
5.926861
5.695367
5.836099
5.938352
6.743465
6.927038
7.268859
6.86119
6.313344
18.699389
6.335866
5.852613
6.20261
6.984974
6.434235
7.362472
6.47188
5.824932
6.163664
6.575969
6.063144
13.907697
6.669631
7.914281
7.613736
5.860309
5.996218
9.088102
6.113678
8.26766
8.795691
7.719395
5.757533
6.205101
6.054649
10.708939
15.969869
8.269959
7.297365
6.601361
6.599996
6.677179
7.089905
6.205276
7.113135
6.203834
6.213099
14.076535
9.342067
8.937034
4.466711
6.790456
4.297734
5.718588
8.708291
5.674662
6.538633
4.036514
9.969
6.143016
6.026361
5.55098
6.56541
11.046206
5.68622
6.146851
6.012972
5.849669
7.070724
6.904715
5.920683
6.550918
4.997159
6.501945
6.75021
6.077972
9.682425
6.064305
5.800596
6.171088
6.140101
7.013501
6.434847
6.667631
5.972215
6.755236
5.666976
5.78972
6.361012
5.895414
6.405994
6.385807
5.802994
6.454125
7.034606
9.71701
6.317984
6.743169
5.53986
5.589669
5.890649
5.764727
7.071329
5.309282
7.301938
5.548669
6.843443
6.339553
4.041557
7.641249
6.554945
5.592402
7.422044
6.079992
6.834474
5.74452
6.743801
13.107582
9.315454
7.881675
8.623493
6.6457
7.954424
11.993644
9.197237
6.427349
6.999372
7.347405
8.730358
13.722095
7.713817
5.936464
6.226229
6.820691
6.856054
6.462857
6.97966
10.008151
6.64314
6.637907
10.055441
6.052405
4.49934
10.346201
5.724789
9.526753
7.18142
12.774408
7.269528
7.10761
6.438357
9.284268
15.227358
9.328559
8.822366
6.688305
7.623338
5.760984
6.054172
5.648842
7.083083
5.613208
7.548047
5.785969
5.466737
5.860766
5.990623
6.716793
6.423922
29.150917
7.141236
7.137412
5.547105
5.970876
5.211169
4.795751
8.68436
5.85391
8.316456
6.246045
8.665504
6.120419
6.77745
6.747622
6.586464
6.414135
7.569757
6.170309
8.454783
10.403566
6.90837
10.02036
9.07282
5.914568
7.163216
13.163675
11.46326
4.254916
7.160802
4.661559
5.421366
9.568215
16.056042
5.616444
6.516676
5.881464
6.813838
8.360738
5.772447
6.378494
8.108517
7.062699
9.10101
9.221446
9.621063
11.318405
5.631834
5.796765
14.361851
8.908099
15.934134
5.677253
6.81652
10.351276
6.772801
5.935239
6.969306
5.903656
10.517754
10.160213
8.073514
15.525127
13.593207
6.718453
5.736398
5.194816
5.892866
9.061966
5.79601
12.256435
5.928889
7.574895
9.351871
7.720549
5.841702
7.319983
5.780632
5.504787
7.897194
7.595374
1.845249
11.681136
7.029826
8.343258
4.500934
5.701204
5.639463
5.76888
1.906645
3.192742
5.16221
6.613695
6.602145
5.56968
6.511169
7.275085
13.398991
6.694291
8.695855
4.107684
5.734026
5.838422
8.254669
6.575527
5.916114
5.827324
6.944531
5.983198
8.417738
7.68295
7.385345
7.067371
6.239048
5.668002
7.942192
5.474763
6.625859
6.164213
5.779532
5.424338
5.994082
6.089265
3.938219
5.695802
6.705534
6.06619
5.77762
6.132923
5.869726
5.814021
6.008119
6.204161
5.901352
6.038269
5.538923
5.833471
6.089938
6.188284
5.675644
6.732314
6.120999
5.681844
9.013277
7.48402
6.364734
6.531474
9.301068
6.667931
5.539751
7.644034
10.154169
7.779202
14.592194
6.442839
7.389374
8.213476
6.425478
6.349274
7.807406
8.018464
6.059691
8.007408
10.944501
6.317339
6.86045
7.316475
6.931435
7.344182
10.033294
5.976453
5.948985
5.596745
7.212262
-6.176891
5.586739
5.957873
7.317282
5.821618
5.9482
8.534749
6.783773
6.242522
4.992
13.047283
7.435231
5.452712
12.051341
5.840652
7.613247
7.900035
5.64721
5.639133
5.73832
7.243349
5.948646
5.831464
7.847679
6.176682
5.987818
20.234295
5.897803
5.383692
6.070034
6.227139
6.163415
5.697965
3.297383
5.737961
10.167129
6.41894
6.227592
6.662497
5.781796
6.124529
6.76677
6.067486
5.652356
5.956733
6.981954
4.869396
5.590794
6.24798
8.386201
7.748873
6.025805
6.778863
6.574176
6.158836
7.977051
6.138075
13.67892
6.150576
7.325666
5.598409
6.043037
7.024326
8.94736
6.236235
6.396738
5.728507
7.065556
12.974345
8.896596
6.097126
5.623457
5.652284
5.752871
6.375464
6.123173
6.369982
5.62929
6.249624
5.657907
5.686713
5.831533
5.628513
5.928431
8.877435
7.414282
6.155009
5.829926
5.608869
6.03399
6.313855
4.876101
-3.82686
5.82988
6.005403
6.209996
7.053189
6.005744
6.012525
5.750487
5.825993
5.941942
6.859945
5.759191
5.925138
5.592033
6.022177
5.78883
6.027769
5.953159
5.719059
5.67894
7.054223
6.034613
6.771934
5.95889
5.961388
11.599059
6.076769
6.566038
14.755883
6.718132
5.732706
5.743549
5.967396
7.359932
6.362655
5.994034
5.952295
15.505651
5.929337
5.948333
6.07061
6.162179
5.892744
5.447095
6.550479
7.223973
9.063843
7.293428
6.212491
8.442975
7.132246
6.226056
14.103018
5.699923
6.026199
5.742287
13.914591
6.884465
9.672889
6.421412
6.224654
6.651263
8.146662
5.899067
6.63705
7.09773
5.623329
6.24744
5.704091
6.713956
5.732924
6.176229
7.064638
7.538681
6.533164
5.529796
6.463036
-6.209186
6.97368
7.6577
6.925714
8.383233
7.845959
7.108682
8.721034
14.059952
5.811872
6.096453
10.03827
5.622983
9.091242
9.470131
6.14485
5.830753
5.785947
5.518003
9.541582
5.853012
8.539567
-8.320883
11.844227
9.445081
6.34732
7.084452
5.791812
6.599038
5.831161
6.62056
5.8681
8.162605
11.049377
6.50813
7.948277
5.965501
6.1042
8.770753
7.064603
5.847375
6.146168
6.81608
10.300606
6.105109
5.989735
8.512514
6.189178
6.471617
8.345618
6.900289
6.008446
6.483831
3.679142
6.071162
5.606463
5.771823
6.127006
6.86907
5.821491
6.174091
7.898732
7.061496
10.995839
6.368443
6.563544
6.479763
5.768438
6.159494
5.845809
5.908426
6.086988
6.133192
6.994625
7.340694
5.303674
5.853487
6.010635
6.065408
6.030401
5.77643
6.528418
8.571264
5.865089
5.773418
5.573766
5.702873
5.941108
5.778072
5.635939
5.786123
5.750832
6.575917
5.565802
7.820097
11.780361
6.519699
5.659427
5.346032
6.375533
6.830065
5.742491
5.770242
4.715889
9.582326
5.864253
6.310584
7.048953
6.402929
13.728779
9.301999
6.702921
6.101752
6.376037
5.836558
9.94095
7.752191
10.354991
11.582299
6.615757
5.991824
5.747196
5.996063
6.728334
6.652347
8.241572
6.618094
7.02451
6.462
7.515628
6.014614
5.946789
5.699834
6.134697
6.431094
6.189484
6.100027
5.735764
5.702925
11.737251
6.562979
8.817527
6.623526
5.763822
5.908417
6.485077
7.131235
7.229424
6.678045
6.518844
5.710273
4.25281
6.640967
5.931521
5.78492
6.043886
9.549509
6.186626
5.626393
8.843277
6.648979
7.070713
6.960904
-11.184727
6.974585
8.738091
5.964365
6.0424
6.374619
7.249731
4.58919
5.291096
5.590917
7.353465
5.930996
8.218636
6.04848
5.782547
8.818792
7.615589
6.193908
7.407424
5.872093
20.253216
9.781857
5.946059
6.700097
5.927623
6.471251
5.651516
5.998925
5.944457
5.56253
5.580904
18.332695
8.054158
6.114301
5.80387
7.506025
4.724314
6.826272
7.25905
6.22682
8.008839
13.255301
5.991643
8.587169
6.552856
6.330952
5.704726
6.394889
6.118931
9.372006
5.842461
7.625072
8.119744
7.575688
10.045396
7.071069
6.495858
4.293391
11.954097
6.108712
10.432596
12.878792
9.547543
6.607014
5.907448
7.636467
5.824972
5.972331
6.139349
6.108601
7.163848
7.407093
6.693989
10.011263
9.799482
6.08026
9.467841
6.380793
14.94989
10.017514
10.164895
5.723088
5.696824
6.396987
7.894206
4.755353
7.310795
5.696701
6.917207
5.726875
5.950861
6.058928
5.596591
7.182533
5.698523
9.718576
4.689361
4.697576
7.463769
5.653212
5.793404
6.232914
5.766099
8.877783
5.890416
5.679451
7.596498
6.510566
7.138034
18.215694
5.610606
10.659727
6.364466
5.77916
6.110048
7.630408
6.304642
6.413303
7.228734
6.122634
5.51883
5.763834
9.437317
6.713789
6.477544
6.12832
10.286178
8.363617
6.485332
5.822145
6.502503
5.691158
6.161857
6.099166
7.472261
8.88648
6.319376
5.014517
5.594238
6.090344
5.866159
6.425471
13.049266
5.632372
6.237041
11.677883
5.730065
6.793781
11.02285
16.68906
9.083081
11.796253
7.049135
5.561033
6.210472
5.951571
7.827358
5.753699
11.626038
6.404292
5.710279
6.20763
17.550528
6.110318
6.638653
6.171589
9.308527
4.975898
8.312037
6.328409
6.907193
6.142713
7.455139
5.812634
6.039221
14.103118
6.02433
6.749784
5.971208
8.676676
11.298265
8.086911
12.994905
7.030876
6.164651
24.040998
11.774289
6.414852
7.305298
5.752461
3.986513
5.717178
5.276614
4.41221
6.432524
5.808064
15.77892
7.356552
7.089316
5.660336
5.884454
5.945389
12.106301
6.788399
10.64599
6.67596
9.779046
7.637613
12.254622
6.140775
5.785944
6.231571
19.141216
8.968884
12.14475
5.836215
5.574105
6.611841
7.355262
5.624549
5.802967
7.354007
5.982584
6.322227
5.462814
5.899322
6.034808
5.642909
5.526032
7.138894
9.998305
5.965613
6.029663
8.064025
5.582056
5.864384
6.75778
9.213751
6.739995
-6.055362
11.398693
10.30839
6.780326
9.618184
6.059618
10.75344
7.270643
1.133996
8.561184
6.593657
7.05018
6.04293
5.466675
19.896509
6.354338
6.096002
5.897392
2.138463
-6.200216
8.614794
9.471198
5.985145
5.976493
6.166395
5.761123
5.649333
6.140392
5.685699
5.780941
6.189697
6.696869
6.012649
5.864934
5.851524
6.119583
5.779079
5.993953
5.759461
5.999599
10.65657
6.194432
6.95624
5.243611
6.835125
8.583427
5.967272
9.54484
9.832054
6.609741
18.263336
8.912677
6.059558
16.928137
8.634151
0.817372
5.859141
6.389784
5.625098
6.220478
5.746069
7.87922
7.087692
5.648001
16.318853
6.009591
6.583929
5.605058
-6.094862
5.557862
5.63973
14.971521
5.959095
5.791038
8.97469
12.630138
5.975651
6.030822
8.177687
10.066765
5.87241
8.740325
5.809647
6.486186
8.958869
6.07042
6.323459
7.272997
8.195938
7.589687
6.446459
7.143139
-6.153118
8.024797
5.633576
6.504767
6.82089
5.921751
8.515663
6.195236
6.135676
6.474666
5.569349
10.082068
6.98595
6.031793
5.95786
11.230756
6.660089
5.764321
7.056909
5.740702
5.557755
12.787348
4.062931
6.018525
9.495033
5.907594
6.024845
11.155824
6.129012
5.986185
6.095956
5.891715
6.502446
8.279743
5.846789
5.745089
5.943542
6.122149
6.161399
7.038282
6.440008
7.609259
8.432317
9.753877
6.85472
10.870806
5.884714
5.921245
13.33044
5.814046
7.389327
6.249412
15.628032
6.812321
10.093996
6.407874
6.94175
6.475514
11.297547
9.125332
8.34862
6.607378
8.179668
9.235251
6.348124
8.90487
10.356107
11.291975
12.509382
7.664816
8.747775
9.408337
7.269215
5.648355
5.699828
7.398531
6.242622
5.541315
8.113321
6.455848
5.995743
12.539557
6.462281
6.090809
10.867068
6.766584
10.029671
6.864288
7.165734
7.68519
7.254485
6.083346
14.560407
8.252332
8.720452
16.127308
10.81674
7.436522
11.373411
12.07216
8.227884
5.9887
12.371146
6.52834
10.353433
6.224919
8.054569
9.627116
5.862537
8.409401
6.842319
6.962852
8.074238
7.162191
6.456967
14.048976
8.078032
8.366507
9.151358
6.862872
7.091266
6.753787
7.209131
13.123251
9.429688
6.592051
14.763487
6.853866
5.850445
11.50756
6.218517
6.31469
7.503711
6.9969
