12.349572
6.796198
9.046235
15.168985
18.772058
10.481956
6.694444
8.468119
8.105042
6.466774
8.126654
7.510485
6.377313
8.264095
6.611107
5.927316
6.616598
20.184258
9.32701
11.665867
5.766966
7.535601
17.183262
8.990879
6.519804
10.859894
14.611704
10.63245
8.833351
7.858665
6.398199
6.699553
5.940195
8.797294
7.358014
7.068681
6.368332
8.915562
7.615049
6.001485
6.761742
14.111516
7.127757
11.737778
6.71254
16.251177
8.350574
5.942677
6.589707
11.868043
14.889648
15.397233
7.984116
10.56459
16.178015
7.252904
7.117243
7.051777
21.241182
10.644448
16.03097
6.15849
6.131405
6.438853
6.119285
13.081293
6.954642
8.840004
5.993053
7.408152
13.997241
5.965423
6.164183
7.210678
6.334809
7.115297
11.88704
8.239556
14.703353
10.203496
6.333124
12.284369
14.287688
6.025075
6.446573
6.855379
7.493453
7.011693
15.890419
10.454011
5.587245
7.80195
14.285529
12.442457
19.256948
10.591096
7.02645
11.723337
6.660806
14.53581
18.436926
5.834012
6.562602
7.041035
13.658175
17.649187
5.942559
5.714992
10.930458
13.725063
8.597783
14.28674
7.558359
6.39397
6.430093
7.413703
6.418381
7.81776
6.012712
20.09271
6.382402
8.973461
5.693006
7.044103
10.643526
14.135252
7.439226
11.543276
6.340281
6.857437
11.184181
14.203888
12.016321
11.924182
15.095865
8.7383
8.932428
7.466978
10.684182
7.842015
7.405795
6.141619
5.728255
10.428033
6.050075
14.294621
18.914988
5.813105
6.50209
6.508292
10.3968
16.013773
14.698734
17.48703
11.636271
11.609038
6.726407
13.618391
9.241605
9.700503
10.852344
6.411515
7.123642
7.209564
5.77913
6.33797
6.187928
6.688369
6.595004
11.801759
6.183671
5.759206
5.983476
8.759248
7.459766
5.838348
10.280265
6.726712
6.537422
7.15073
6.698226
14.162883
13.171488
7.258852
12.238837
13.466604
16.090784
10.054059
15.97226
9.699867
8.691592
5.725508
14.69585
5.98204
9.677913
11.770652
6.13799
7.751255
7.045243
6.6128
5.95422
14.338647
10.971959
15.303385
7.057537
9.29655
10.140964
22.143156
6.145417
10.222381
8.980361
18.919714
6.158857
6.1872
14.079745
6.403779
16.412895
12.421427
8.701675
10.775001
12.099055
8.510489
6.782354
6.193947
11.793876
8.603857
15.027813
6.922506
11.088271
13.122257
6.181271
11.025214
7.931756
13.247808
8.578513
11.703561
6.366047
6.776063
6.532493
6.562137
10.088977
5.949516
15.537641
22.929178
9.780447
7.673294
5.855012
9.40021
8.141129
16.385958
5.925732
9.183144
5.846026
14.882936
5.840816
5.734692
13.767531
10.514448
6.158638
17.472563
16.372051
6.445379
6.728298
7.446743
7.107347
8.352134
7.441691
7.044353
5.910774
6.73066
6.464182
5.867162
6.923693
12.82808
13.404652
6.679698
10.254812
9.375057
6.028979
6.615725
7.160236
6.090026
11.031601
5.69494
7.444981
6.566235
13.993252
6.06706
5.716329
11.013404
7.165196
6.695881
5.712699
10.019879
7.106158
6.695749
8.522656
7.246968
10.133682
8.278643
5.938371
11.91002
8.641973
6.497303
13.387729
14.672172
8.028857
6.618599
6.401443
8.923357
7.248964
6.962671
7.969928
7.812814
5.712831
7.10393
6.732887
10.630389
9.298279
10.750812
6.82114
14.387409
7.253069
6.643991
6.582567
16.841127
14.432048
7.305642
6.452839
10.143459
7.700323
9.849485
6.363951
10.202433
5.677922
15.050705
10.084219
6.320737
9.539039
6.445455
9.909665
5.925391
10.742641
12.525705
6.143618
16.60438
11.649339
8.726951
16.794144
6.376257
6.437486
5.982728
6.044578
5.934249
7.947714
8.570817
8.37176
5.489965
9.30706
9.14978
14.62781
13.90533
13.517149
7.216371
5.83527
13.623384
6.743499
6.827599
5.916073
11.468371
5.930611
11.60641
14.331177
6.5365
8.848639
10.272743
8.879982
9.250767
5.959272
5.760603
7.082243
8.821554
5.716689
7.658072
8.685222
10.934647
5.786574
6.466289
8.115106
8.507496
15.024817
6.049278
13.086458
6.651445
8.916257
5.95641
7.009256
8.950645
6.185727
15.564515
5.673101
5.739795
6.457348
11.986329
13.053163
6.135864
5.610451
10.063963
7.616367
10.055164
5.987659
6.158337
6.089692
10.42692
12.335096
14.172179
5.807627
6.921798
9.74741
13.062228
6.990266
8.137049
5.960142
5.751822
11.616355
7.597859
7.894439
6.306915
13.721557
6.537001
20.953005
9.610755
6.648625
6.855669
8.404096
12.110825
5.994397
10.805815
6.805247
5.80584
6.091189
15.360399
9.671417
11.427738
12.002232
6.719043
6.204071
6.458072
5.761695
6.455526
7.904528
11.815464
7.406353
9.705388
7.87309
8.345161
6.22962
6.089687
5.890552
12.673795
8.581104
12.135282
9.593614
6.586864
7.688934
11.160913
5.738826
5.814123
5.876906
5.779166
8.48669
10.199529
6.771116
6.924127
5.83401
14.837668
6.657615
7.620227
13.315008
7.903746
6.408738
7.039309
13.199759
13.080813
13.941923
14.6117
6.471126
15.311434
12.114919
7.993692
9.410794
14.451498
6.901191
5.947794
6.016541
7.999023
6.170965
5.996559
5.827704
15.911309
13.551186
9.828175
7.373955
5.894258
9.097721
6.291682
5.902102
6.422169
5.821126
5.742001
8.883905
8.795586
7.253098
6.731713
11.959545
11.975133
7.514202
7.578938
8.736796
8.292746
13.291466
14.952677
12.428838
9.849453
7.643479
6.402211
5.776666
6.364455
9.661719
5.914226
18.667685
10.316854
10.727176
10.00109
6.947291
6.834881
8.116305
7.470415
11.374719
6.420946
6.914898
9.02415
14.004532
12.049653
6.357894
11.708026
12.283669
11.972631
20.710979
10.872718
5.822107
13.010679
11.572591
6.191562
5.797079
21.136778
10.967402
9.907452
14.526582
7.300728
6.09863
12.270943
11.557121
6.061019
6.991606
16.589472
7.135972
6.029182
11.855536
19.605598
13.787746
8.611557
5.683667
10.315663
5.705507
6.594716
7.031449
5.663732
20.221518
9.152557
7.509969
11.353705
9.59877
14.236509
9.894655
7.364183
9.608296
17.136507
8.291261
6.099145
11.336159
11.849764
6.092864
6.070904
8.978005
6.883694
7.400935
12.584521
9.599135
8.834644
6.836779
14.946514
8.673297
7.635383
6.038757
12.117234
6.071808
5.751506
6.659968
15.267096
9.964101
10.805224
12.376765
5.969178
7.491037
14.462053
5.99256
6.404179
6.436318
7.389966
6.670962
9.771178
10.603817
10.73094
8.476622
7.522337
7.533989
6.612097
10.981635
7.31128
5.922522
9.927212
6.672666
9.093443
5.960637
7.201989
15.793915
12.900746
6.519422
7.462015
6.645398
5.763919
10.194285
5.890868
5.904937
5.819454
6.460186
12.923975
6.596437
11.176161
6.956407
6.458182
14.642366
6.598621
7.079127
6.840521
5.909255
8.281154
6.559297
9.511897
8.467455
15.089046
6.686935
7.869286
7.057478
6.163981
6.737499
5.609508
12.51153
6.466563
6.167271
8.002556
6.366675
5.647652
8.24692
8.493387
14.248127
5.953214
11.616814
6.736904
16.477068
6.121684
18.454033
9.686213
8.292572
15.768543
6.626288
7.603535
7.731428
9.984879
16.254997
7.614354
7.12877
6.00327
8.585864
7.121902
7.420865
7.364666
7.321637
6.838569
5.972078
8.845198
9.577773
6.18363
5.85119
5.632407
5.965764
6.50039
6.047437
6.685329
6.906006
17.738104
9.939079
6.207914
12.964563
8.428345
6.476866
6.159043
12.009073
18.338528
5.643624
13.307117
5.575381
6.806108
10.825447
6.066263
6.713912
8.245409
11.74843
6.138738
6.426579
6.514678
6.058802
5.640654
6.054118
5.920206
5.632602
9.194723
6.137943
6.239087
13.097908
8.75171
6.428471
5.919718
6.0765
9.56062
6.042864
9.912043
8.435392
5.717135
7.696774
6.177747
6.547402
6.514083
6.061759
12.690294
9.350032
8.275254
7.943634
9.433792
6.231126
24.319725
5.94621
10.370927
8.230721
5.997345
6.724748
8.135399
6.621041
8.554025
13.795896
6.582151
11.343143
15.187124
9.464664
6.382648
12.241747
6.71651
6.058446
8.568908
6.310608
6.133173
5.901964
7.098074
5.783749
7.452204
6.759246
6.166827
5.958871
6.998712
10.184296
5.854131
7.498064
5.822542
8.515021
8.093636
13.075143
8.410911
9.979179
8.191242
5.852399
5.845405
5.933585
6.04636
11.078362
6.100323
6.67342
6.493194
7.803577
11.062003
23.352192
7.156409
14.112379
5.913875
6.684158
13.670329
16.314915
7.78602
6.041706
15.111263
11.045404
12.288419
6.456837
5.787237
10.884363
5.663536
6.061863
5.850645
9.558641
6.212735
5.647881
6.94129
14.148453
8.593892
5.559361
14.446778
11.311711
8.685267
7.321671
18.510252
5.714095
16.52169
6.97889
6.38111
5.901223
5.749905
7.088958
13.72872
6.885765
13.349168
6.903407
9.973534
13.464604
8.647037
9.783426
13.146377
6.632877
7.021402
6.209074
7.519361
5.898962
6.10907
5.682595
5.83607
7.54902
9.889109
6.12129
6.453264
7.116699
7.105794
5.951224
8.105697
8.043501
5.910075
6.943942
7.732731
10.708564
5.914793
20.872633
7.297786
6.515508
14.961171
11.913121
5.870137
9.992699
14.858351
14.487938
6.499337
9.285383
20.009256
5.827948
9.607212
6.44699
7.482113
5.893418
6.606252
6.616023
7.196462
11.039944
5.85308
7.044339
7.13631
6.605339
6.243865
6.20374
6.968207
7.187165
11.335443
8.634784
10.301053
13.786134
9.180752
6.357202
6.088472
8.181601
5.971692
6.394525
9.086586
12.988522
7.432548
6.092408
9.490695
8.345771
8.473719
7.58895
6.989842
8.982479
9.148943
5.901176
5.748654
7.717577
7.666877
9.086069
6.569562
5.936907
8.056783
6.002671
6.630843
11.624465
5.77888
12.191212
5.915034
6.797343
6.57538
14.475708
6.115623
8.408781
12.116698
6.731667
7.069137
6.51482
13.878045
6.593662
9.591422
6.789831
6.801798
8.848565
6.208011
13.478666
8.27853
5.874979
8.518759
5.499127
8.355856
6.958226
6.87447
11.204386
7.273346
8.217255
6.143461
11.199078
6.175538
6.438865
14.704268
7.212936
14.149904
6.001844
6.671914
7.653008
8.119335
6.710547
6.310348
8.357366
5.800524
6.22586
6.429256
6.33587
6.407086
6.494893
7.078071
6.341792
7.776232
6.384499
5.805359
6.414319
10.181511
7.547378
6.43178
6.070958
6.199122
6.430458
5.94739
6.147296
